RandomSegments:
0.547856 2.32088 2.66288 5.33248 9.26236 12.7924 13.7001 16.8252 20.5399 24.3323 27.4884 31.3042 35.0157 37.1856 40.0826 42.0245 43.1015 45.1714 48.5958 49.3215 49.8042 53.6147 56.9519 60.8118 62.4478 66.1155 69.6777 70.127 70.6387 74.2338 75.0903 76.7099 78.804 80.0122 83.5287 86.6297 90.2145 91.9891 95.2615 96.8188 98.1979 101.496 103.491 105.366 108.329 112.167 113.468 116.043 116.877 117.539 119.4 123.271 123.871 124.627 126.556 129.88 131.045 132.242 133.42 134.854 135.483 138.815 141.865 142.466 146.023 146.751 149.985 151.293 154.593 155.768 157.627 158.783 162.629 163.115 164.232 164.831 167.92 169.596 173.312 175.825 177.786 178.774 182.233 184.282 186.35 187.353 189.217 191.219 191.94 193.886 195.315 197.348
#
Onsets:
16.675 30.337 31.142 35.144 38.203 40.181 44.597 50.002 60.099 66.148 66.608 67.919 69.299 69.805 70.127 77.395 81.443 82.593 84.479 84.617 84.939 89.378 101.177 105.11 105.593 105.662 106.421 106.835 108.008 109.388 115.575 124.43 131.928 132.411 135.585 152.973 153.479 154.928 156.285 159.413 161.092 164.772 166.175 166.313 167.279 168.59 169.97 174.363 174.823 177.836 189.336 189.773
#
Notes:
0.203284 0.57478 0.629652 0.867159 0.930531 1.47437 1.84624 2.10989 2.55928 3.14497 3.41811 4.09818 4.16459 4.8868 5.20502 5.29399 5.66451 6.42 6.81505 6.96235 7.36891 7.5112 7.89783 7.96497 8.39737 9.09597 9.50868 9.86401 10.0836 10.5391 10.7015 11.2185 11.3904 11.7819 11.865 12.5135 12.6644 13.2316 13.6735 14.1172 14.269 14.454 14.478 15.218 15.4347 15.9372 16.4221 16.7507 16.9797 17.2996 17.4215 17.774 18.2521 18.8236 18.9025 19.1231 19.2574 19.7996 20.0526 20.6114 20.6384 21.274 21.6896 22.0163 22.3806 23.0003 23.3163 23.7387 24.0242 24.2967 24.5778 24.6799 25.0676 25.224 25.3024 25.4405 25.5572 26.1991 26.2565 26.8978 27.06 27.1692 27.5034 27.7761 28.0251 28.0764 28.1133 28.882 29.3464 29.7492 30.1241 30.4297 30.4416 30.4632 30.5128 30.9417 30.9744 31.0202 31.2924 31.762 32.1472 32.4002 32.8024 32.98 33.0025 33.5484 34.0231 34.5141 34.8744 34.9642 35.0945 35.8667 36.1402 36.7661 36.9809 37.0117 37.1257 37.2127 37.2754 37.7377 38.1274 38.7665 38.9973 39.0222 39.5169 39.9922 40.1906 40.5713 40.7036 41.3887 41.6873 41.8128 42.134 42.6608 43.057 43.4904 43.6151 44.0401 44.1191 44.3593 44.8539 45.2747 45.6513 45.742 46.1118 46.7095 46.984 47.5585 47.9794 47.989 48.025 48.1025 48.1828 48.8179 48.9187 49.0896 49.3386 49.4221 49.4959 49.6605 49.982 50.3595 50.4295 50.7798 51.1978 51.7348 52.167 52.4252 52.891 53.1809 53.2668 53.5192 53.5387 53.7729 53.8204 54.612 55.0729 55.2499 55.6022 56.0789 56.5496 56.7242 57.1393 57.1545 57.5639 57.9632 58.0571 58.4794 58.481 58.8392 59.3055 59.493 59.9546 60.7427 60.8323 61.3617 61.8147 62.5666 62.8239 63.0892 63.1098 63.5717 63.5897 64.2089 64.5972 65.3517 65.824 66.5187 66.7785 66.92 67.0352 67.7705 67.7877 68.1504 68.3867 68.6882 69.1413 69.707 69.8534 70.337 70.769 71.4054 71.6492 72.1311 72.2484 72.4553 72.6438 72.717 72.8736 73.1383 73.3352 74.0285 74.4955 74.7828 75.0086 75.6659 75.6733 75.9044 75.9624 76.407 76.5899 76.8834 76.9419 77.7152 77.9829 78.5624 78.6764 79.2635 79.7546 80.5475 80.5706 80.6544 80.8279 81.3077 81.6607 82.3656 82.4218 83.1708 83.1968 83.2139 83.4266 84.2199 84.3744 84.9801 85.1659 85.7033 86.0917 86.5998 86.8362 87.1744 87.4649 87.7762 88.1253 88.3859 88.3916 88.4298 88.8123 89.068 89.3086 89.4568 89.4625 90.0274 90.3445 90.9213 91.2332 91.7088 92.0272 92.1659 92.415 92.7695 92.8589 93.4803 93.7385 94.0196 94.1311 94.4219 94.6833 94.8917 94.9044 95.2426 95.6305 96.2059 96.4391 96.6282 96.7092 97.0048 97.1129 97.516 97.9909 98.638 99.0247 99.3105 99.4931 100.283 100.733 100.875 101.261 101.897 102.139 102.23 102.6 103.388 103.583 104.154 104.537 104.633 104.761 105.223 105.704 106.226 106.659 106.999 107.226 107.893 107.921 108.319 108.723 109.199 109.544 110.11 110.222 110.256 110.657 110.983 111.394 111.997 112.165 112.348 112.738 113.135 113.441 114.134 114.43 114.87 115.355 115.533 115.663 115.894 116.235 116.894 117.228 117.352 117.666 118.394 118.868 119.431 119.825 119.908 119.955 120.659 120.684 120.733 121.045 121.168 121.379 121.398 121.68 122.242 122.294 122.824 123.091 123.311 123.58 123.682 123.79 124.516 124.948 125.523 126.019 126.125 126.592 126.635 126.65 127.336 127.482 127.628 127.928 128.365 128.495 128.908 129.35 130.057 130.341 130.342 130.39 130.834 131.154 131.496 131.588 131.838 131.845 132.08 132.497 133.291 133.757 133.859 133.947 134.432 134.768 135.293 135.722 135.884 136.184 136.788 137.209 137.712 137.962 138.422 138.752 139.44 139.552 140.136 140.358 140.396 140.481 141.276 141.524 142.276 142.589 142.884 143.221 143.899 144.163 144.943 145.133 145.763 146.078 146.577 146.799 147.582 147.907 148.318 148.652 148.919 149.132 149.887 150.038 150.137 150.408 150.768 150.911 151.253 151.547 151.761 151.989 152.463 152.684 153.11 153.4 153.629 153.98 154.084 154.304 154.582 154.969 155.436 155.828 155.893 156.2 156.924 157.126 157.235 157.591 158.236 158.299 158.816 158.97 159.106 159.113 159.731 159.917 160.083 160.351 160.599 160.808 160.957 161.456 161.875 162.186 162.307 162.311 162.99 163.163 163.584 163.729 164.238 164.503 164.528 164.81 165.27 165.284 165.921 166.34 167.119 167.331 167.393 167.821 168.248 168.402 168.81 169.306 169.938 170.237 170.454 170.647 171.326 171.792 171.851 172.13 172.629 172.934 173.259 173.437 173.572 173.668 174.389 174.609 174.864 174.979 175.189 175.258 175.46 175.548 176.065 176.535 176.666 176.673 177.395 177.584 178.126 178.443 178.904 179.233 179.369 179.612 179.691 180.044 180.58 180.835 180.873 180.89 181.257 181.735 182.447 182.496 182.547 182.564 182.669 182.924 183.548 184.032 184.232 184.651 184.955 185.208 185.482 185.634 185.767 185.946 186.657 186.719 186.748 187.079 187.487 187.901 188.455 188.931 189.077 189.217 189.76 190.101 190.707 191.07 191.37 191.806 191.986 192.295 192.803 193.211 193.71 193.974 194.126 194.372 195.17 195.618 196.021 196.337 196.577 197.045 197.219 197.718 198.256
#
Chords:
1.78704 9.02553 11.8375 13.3394 17.711 19.8902 25.9455 27.5799 34.7953 40.2372 41.5672 48.355 56.1771 59.6019 66.0649 72.2363 76.4811 80.1535 85.1141 89.7053 97.0445 103.596 109.27 111.164 113.278 115.411 119.746 124.047 124.964 131.552 138.114 139.424 144.35 150.477 156.2 159.269 160.971 163.77 171.499 175.914 178.683 186.366 190.013
#
Structure:
3.75536 8.79458 10.1342 37.1761 39.6129 67.736 68.0466 78.3127 81.5638 86.039 89.135 114.99 117.459 119.771 122.457 122.8 126.756 140.661 141.137 156.528 160.335 165.335 166.344 176.339 180.303 182.556 186.045 191.007
#
