RandomSegments:
1.6225 4.22186 4.58148 7.56262 8.09805 11.0878 14.9946 15.9657 17.0814 17.7472 18.2697 19.0748 20.4038 22.5056 23.629 26.2965 29.8683 30.3753 31.2087 33.7882 37.2397 37.9401 38.9646 41.5558 41.9235 42.7001 44.5785 46.6869 48.4881 52.2441 53.4449 57.2081 59.6663 60.7244 64.4881 66.9872 69.6679 70.657 73.5616 75.9463 78.815 82.1993 83.7618 87.6815 89.0034 89.9989 91.1751 93.8273 96.3804 97.6465 101.071 102.141 102.715 103.797 105.134 105.717 109.13 109.765 110.816 112.28 112.735 116.546 119.189 122.647 124.423 126.824 130.346 131.976 134.935 137.509 138.405 141.875 142.721 144.836 146.141 148.75 151.292 154.04 156.673 158.459 159.865 162.918 163.921 165.809 168.759 169.557 172.31 173.943 174.329 176.336 177.723
#
Onsets:
0.207 0.529 1.794 2.093 2.415 2.76 3.496 3.68 3.979 4.324 4.623 5.566 5.888 6.187 6.509 7.291 7.751 9.637 11.546 13.432 13.731 27.761 34.523 44.758 47.426 52.141 53.728 64.423 79.534 90.229 137.126 140.599 142.807 146.579 147.522 150.351 155.066 160.103 160.264 160.563 161.345 162.15 162.472 162.633 169.234 169.395 170.177 171.12 171.442
#
Notes:
0.125019 0.636363 1.04623 1.77708 1.87119 2.51798 2.90623 3.22713 3.42509 4.17822 4.58173 5.32582 5.43714 5.75255 5.81638 6.212 6.34041 6.4919 6.89644 7.67317 7.72513 7.96974 7.98361 8.77424 9.22458 9.83383 10.3062 11.0404 11.2763 11.8909 12.0745 12.4841 12.7522 13.3434 13.7681 13.9499 14.3832 14.7278 14.9231 15.5284 15.935 15.9377 16.129 16.7768 16.8229 17.0433 17.527 18.0595 18.1843 18.9515 19.1812 19.6079 19.9603 20.0832 20.576 20.7769 21.1672 21.8724 21.8762 22.1582 22.4712 23.2275 23.663 23.6918 23.9098 24.6214 24.6462 24.6962 25.1365 25.4125 25.5286 25.6243 25.6942 26.1283 26.5838 27.1257 27.3561 27.5728 27.888 28.584 28.9022 28.9537 29.2284 29.5763 29.7333 30.4541 30.6907 30.8821 31.1528 31.3046 31.3119 31.6519 31.8797 32.1458 32.1634 32.7279 32.9868 33.4968 33.5114 34.1861 34.2901 34.9845 35.2851 35.957 36.2451 36.4115 36.7592 37.4561 37.7381 38.4774 38.8455 39.2429 39.493 39.8979 40.062 40.2042 40.5414 40.9956 41.3363 41.8409 42.0402 42.271 42.4763 42.5172 42.748 43.2892 43.7246 44.3151 44.5051 44.8545 45.1934 45.3136 45.4925 46.0706 46.3599 47.0989 47.2757 47.7192 47.8802 48.5885 48.6728 48.8201 49.1637 49.6365 50.1143 50.2665 50.4298 50.7662 50.7967 51.2607 51.5515 52.1593 52.4592 53.0076 53.4684 53.7113 54.0496 54.1531 54.2381 54.2437 54.5701 55.0873 55.1705 55.7464 55.9315 55.9619 55.9756 56.0022 56.3699 56.4043 56.7327 57.0292 57.3155 57.6413 57.9741 58.6574 58.7317 59.4755 59.6537 60.4357 60.5756 61.1915 61.6551 62.1487 62.3604 62.9964 63.2737 63.6025 63.9348 64.1351 64.3882 64.4214 64.9202 65.3466 65.8205 66.1763 66.5847 66.8643 67.1599 67.5497 67.5576 67.5905 68.0142 68.1214 68.4242 68.7081 69.026 69.5412 69.6692 70.024 70.2791 70.9351 71.2689 71.5697 71.6962 72.3752 72.4649 73.2152 73.5139 74.1208 74.3809 74.3844 74.5016 74.5235 74.577 74.7915 75.1692 75.4684 75.8687 76.3478 76.6954 76.9036 77.1637 77.8219 77.9832 78.094 78.408 78.5645 78.7361 79.5154 79.7584 80.044 80.1253 80.1854 80.2319 80.2663 80.7034 81.3102 81.4146 81.687 81.9972 82.7071 83.142 83.7523 83.9974 84.643 84.9955 85.7397 86.0417 86.6123 87.0899 87.1971 87.4698 88.2568 88.5594 89.0133 89.4099 89.8127 90.0786 90.4815 90.6387 91.0507 91.0898 91.251 91.7356 91.7566 92.2344 92.8922 93.3361 93.5802 94.0221 94.1312 94.3681 94.7641 95.1996 95.4421 95.5377 96.2404 96.5137 96.9169 97.312 97.971 98.1941 98.7612 98.826 99.582 99.9112 100.201 100.326 100.729 101.099 101.307 101.736 102.21 102.362 102.694 103.127 103.217 103.311 103.447 103.533 103.617 103.921 104.212 104.357 104.705 104.811 105.459 105.477 105.794 106.003 106.707 107.152 107.331 107.816 108.204 108.312 108.382 108.432 108.59 109.073 109.532 109.635 110.316 110.347 110.499 110.731 111.004 111.04 111.785 111.909 112.671 112.864 113.206 113.614 114.391 114.632 115.206 115.263 115.96 116.212 116.349 116.417 117.102 117.485 117.954 118.331 118.352 118.53 118.539 118.729 119.508 119.756 119.995 120.204 120.261 120.659 121.416 121.862 122.046 122.09 122.277 122.343 122.692 123.178 123.34 123.827 124.472 124.845 125.253 125.416 125.805 126.232 126.768 127.045 127.153 127.429 128.023 128.303 128.549 128.989 129.767 130.256 130.653 130.99 131.33 131.525 131.62 131.976 132.102 132.578 132.769 133.114 133.857 134.04 134.279 134.354 134.366 134.656 135.16 135.187 135.293 135.359 135.404 135.47 135.484 135.757 136.018 136.355 136.899 137.235 137.802 138.252 138.958 139.164 139.544 139.852 140.534 140.87 141.349 141.472 142.09 142.111 142.454 142.926 142.99 142.993 143.489 143.951 144.034 144.115 144.2 144.533 144.586 144.759 145.07 145.151 145.943 145.956 146.714 147.13 147.561 148.021 148.032 148.187 148.436 148.546 148.968 149.329 149.839 150.01 150.43 150.735 151.055 151.349 151.966 152.061 152.789 153.106 153.821 153.86 154.153 154.293 154.936 154.997 155.752 155.909 156.469 156.741 156.763 157.231 157.566 157.571 158.067 158.392 158.724 159.118 159.504 159.995 160.137 160.471 161.267 161.273 161.525 161.923 162.168 162.19 162.303 162.33 162.966 163.152 163.161 163.25 163.534 163.796 163.957 164.076 164.523 164.977 165.467 165.801 165.976 166.102 166.156 166.394 166.697 167.071 167.479 167.872 168.095 168.246 168.931 169.139 169.372 169.783 170.418 170.711 171.037 171.491 171.745 171.966 172.181 172.616 172.834 173.12 173.343 173.603 174.148 174.206 174.892 175.162 175.283 175.634 175.884 176.373 176.477 176.862 177.205 177.519 177.762 178.033 178.222 178.632 179.351 179.455 179.498 179.722 179.874
#
Chords:
7.6942 9.41304 17.1146 20.4004 21.9828 22.8373 26.7006 27.8786 32.8955 35.8778 37.2711 37.9987 41.2998 48.5674 54.8841 61.9379 67.1892 68.1792 72.5314 79.0915 86.3082 90.9813 97.4583 104.897 112.402 115.89 116.523 118.255 119.39 124.58 128.46 129.519 130.612 134.149 134.69 136.567 137.565 142.537 148.172 150.532 158.406 160.909 162.55 164.348 171.776 173.832
#
Structure:
1.01968 26.04 27.6887 48.3858 50.1633 51.5018 52.5955 56.6908 58.6275 69.8485 70.5488 72.1346 76.1275 95.9877 99.8421 108.915 111.664 124.61 127.384 137.916 140.98 162.095
#
