RandomSegments:
0.830943 2.99963 4.57696 7.40261 10.2912 11.5239 12.6063 15.4998 19.4073 22.9999 25.3018 25.8953 27.8653 29.9692 30.5789 31.604 34.1675 35.3662 38.6468 42.5553 45.5001 48.7036 49.3939 52.8887 56.8613 57.9182 61.3494 62.9852 63.9453 64.6069 66.2229 68.9019 72.0558 73.819 74.3241 75.727 79.5155 80.8116 84.3415 87.3013 89.4238 93.0125 93.6534 94.5925 97.7017 99.1675 102.43 103.051 106.653 108.094 110.574 113.002 114.754 116.294 119.023 122.078 123.578 125.917 129.86 133.131 133.838 134.313 137.303 139.487 140.933 141.729 143.807 147.771 149.158 152.971 155.439 157.436 158.528 159.452 160.205 163.694 164.66 165.34 168.383 172.37 172.844 176.685 177.017 177.732
#
Onsets:
9.016 16.698 17.664 20.769 24.817 26.795 27.784 33.856 34.891 35.765 36.639 36.938 38.295 38.916 42.044 43.056 45.057 47.104 48.461 49.473 50.83 51.175 51.497 52.854 54.533 55.131 57.224 58.903 59.271 61.985 62.698 63.365 66.654 67.045 67.689 68.747 69.069 69.391 70.403 71.254 75.463 79.373 81.236 84.594 117.07 119.094 127.213 133.262 133.791 134.987 137.678 139.38 144.118 145.13 145.452 168.728 172.799 174.869
#
Notes:
0.271325 0.59277 0.865529 1.17738 1.28432 1.78138 1.98539 2.44698 2.60423 2.90353 3.33483 3.68963 4.14811 4.3747 4.38427 4.56223 4.62862 4.69322 5.18361 5.34912 5.73763 6.32989 6.36544 6.51869 6.85212 7.41628 7.80395 8.42516 8.59356 9.28834 9.50058 9.85078 10.0762 10.4452 10.523 11.1409 11.4875 11.892 11.9814 12.6396 12.8491 13.6393 14.0798 14.7908 15.2135 15.5405 15.941 16.5251 16.5579 17.2523 17.2535 17.7096 18.043 18.3118 18.752 19.3943 19.5097 19.7288 20.1935 20.8431 21.0947 21.2976 21.5508 22.1969 22.4514 23.0407 23.1007 23.1698 23.3676 23.902 24.0386 24.5363 24.6798 24.7115 24.9109 25.2251 25.6889 25.7549 26.2092 26.4884 26.6888 26.8805 27.3292 27.6763 28.0251 28.4894 28.7527 29.1961 29.4077 30.0556 30.3661 31.0994 31.3081 31.7324 31.9869 32.4903 32.7769 33.5054 33.8254 34.6075 34.9245 35.2606 35.2639 35.4886 35.6138 36.2404 36.6935 37.2807 37.3197 37.9692 38.0043 38.1189 38.2172 38.4329 38.7802 39.5477 39.8655 40.2063 40.4075 40.8211 40.9611 41.3268 41.661 42.3687 42.842 43.1195 43.4888 43.6745 44.1269 44.485 44.7717 44.8702 45.1837 45.4678 45.8926 46.4014 46.4255 46.6277 46.9028 47.4808 47.5393 47.8473 47.9328 48.4988 48.9582 49.6082 49.6481 49.9197 49.996 50.0812 50.1096 50.345 50.4662 50.5785 50.8521 51.2851 51.7174 52.2227 52.552 52.9334 53.0197 53.494 53.7109 53.8958 54.1459 54.4237 54.6384 54.6834 55.0958 55.307 55.3738 55.5331 55.9188 56.6161 56.7423 56.8768 57.0958 57.4992 57.697 58.3353 58.7488 58.8582 58.9558 58.9717 59.051 59.504 59.6979 60.2927 60.7182 61.1944 61.6385 62.2427 62.4679 62.7663 62.9621 62.9951 63.1375 63.5791 63.8438 64.1967 64.2624 64.5934 64.6514 64.6804 65.0175 65.5155 65.7714 65.9174 65.9336 66.5433 66.8631 67.3349 67.4068 67.6571 67.9967 68.284 68.4252 68.6028 69.0918 69.395 69.6414 70.2244 70.3261 71.1183 71.228 71.7047 71.8413 72.1006 72.5599 72.885 72.9296 73.1068 73.5695 73.6337 73.9398 74.0499 74.2324 74.448 74.5996 75.351 75.5438 76.1716 76.405 76.4062 76.6529 77.2227 77.486 77.8929 78.0302 78.3315 78.712 79.0058 79.1466 79.7907 80.0586 80.5677 80.7511 81.4315 81.7122 82.4175 82.5404 83.0428 83.1454 83.433 83.718 84.0564 84.2536 84.6039 84.7485 85.3294 85.3975 85.5244 85.8182 86.2595 86.3535 86.6341 86.7207 87.2755 87.7312 87.8881 87.989 88.053 88.4715 88.9982 89.3064 90.0091 90.4959 91.0393 91.1319 91.5378 91.7352 92.173 92.1813 92.3543 92.4189 92.6978 93.1154 93.4215 93.8668 94.5891 94.9884 95.1381 95.4768 95.5501 95.6175 96.2766 96.6616 97.4507 97.644 98.3612 98.4433 98.9877 99.2561 99.387 99.8679 100.055 100.457 100.683 101.064 101.572 101.76 102.334 102.618 102.767 103.21 103.572 103.707 103.877 104.326 104.871 104.963 105.387 105.463 105.565 105.94 106.357 106.822 106.937 107.355 107.585 107.707 107.901 108.287 108.888 108.968 109.16 109.434 109.52 109.545 110.055 110.204 110.647 110.667 110.999 111.267 111.82 112.031 112.748 112.844 113.252 113.421 114.077 114.086 114.365 114.621 114.866 115.031 115.639 115.78 116.447 116.78 117.315 117.694 118.441 118.629 119.215 119.392 119.954 120.286 120.545 120.784 121.453 121.525 121.535 121.882 122.133 122.333 123.128 123.171 123.486 123.793 124.054 124.126 124.197 124.59 124.924 125.398 126.006 126.284 126.807 127.26 127.261 127.359 127.814 128.241 128.604 128.992 129.373 129.778 130.36 130.377 131.142 131.196 131.245 131.251 131.349 131.476 132.203 132.667 132.706 132.835 132.888 133.097 133.32 133.678 134.115 134.386 135.049 135.27 135.917 136.275 136.738 137.199 137.623 137.631 138.002 138.183 138.637 139.101 139.392 139.707 139.923 139.944 140.034 140.47 141.087 141.47 141.892 141.915 142.295 142.566 143.243 143.353 143.609 143.927 144.341 144.765 144.801 145.299 145.861 146.298 146.34 146.471 146.825 147.254 147.324 147.513 148.199 148.205 148.463 148.934 149.184 149.342 149.396 149.757 150.502 150.805 151.372 151.59 151.908 152.308 152.366 152.523 152.851 152.929 153.604 153.83 154.41 154.787 154.954 155.211 155.367 155.383 155.683 156.079 156.625 156.951 157.048 157.14 157.371 157.594 157.629 157.674 158.288 158.678 159.189 159.574 160.038 160.064 160.779 160.882 161.233 161.559 161.991 162.481 163.111 163.192 163.675 163.786 163.875 163.896 164.256 164.314 164.705 165.012 165.763 165.798 166.015 166.333 167.025 167.522 167.78 167.886 168.16 168.555 169.123 169.29 169.518 169.785 169.994 170.422 170.93 171.134 171.843 171.917 172.314 172.779 172.829 172.95 173.629 173.848 174.186 174.553 175.32 175.56 176.202 176.312 176.463 176.468 177.034 177.316 177.576 177.59 178.036 178.419 178.503 178.817 179.333 179.686 179.756 179.766 179.931
#
Chords:
7.91829 11.2428 16.3153 20.1149 25.9522 26.8697 32.6655 38.6249 40.4774 44.4165 49.7959 55.5091 56.7422 61.6484 66.698 73.4954 77.7677 79.948 80.6927 87.768 91.867 99.3406 102.129 110.081 110.697 115.664 121.378 122.217 123.018 126.864 134.719 141.549 143.406 150.701 154.743 156.768 159.206 161.45 167.498 174.657 175.601
#
Structure:
2.15705 15.32 17.346 42.37 43.4505 48.6087 52.3601 65.0515 67.1661 76.1348 79.79 86.7189 88.6297 106.425 109.736 122.879 126.866 146.504 149.156 156.425 158.609 171.948
#
