RandomSegments:
1.06649 2.68583 3.81838 6.16762 8.73299 9.99788 12.0305 12.3793 14.5176 16.0344 18.4416 20.1511 22.7284 25.2416 25.5894 29.2781 31.6419 34.542 35.5374 36.1162 38.5422 40.7642 41.3433 43.7933 44.1221 44.4361 46.0922 47.0897 49.6275 51.2994 53.6098 56.0142 58.1619 59.4922 63.3244 64.3922 65.2072 66.1331 67.9732 70.9665 74.7537 76.6286 78.2924 80.6034 84.4703 86.6103 87.3615 88.5774 90.1806 92.9005 94.0172 96.7029 100.255 102.489 104.484 107.864 109.353 109.89 112.31 113.481 117.413 118.242 119.129 119.442 120.18 121.793 125.114 127.92 130.363 131.605 132.219 134.461 136.275 139.003 139.949 141.954 144.924 145.77 146.226 150.051 152.594 154.693 158.072 161.391 163.037 163.43 164.547 166.005 169.412 172.79 175.643 177.613 178.463
#
Onsets:
2.668 8.28 8.625 12.857 13.363 14.26 14.789 16.192 18.469 18.998 19.872 21.275 21.804 23.207 24.081 25.484 26.013 26.887 27.416 31.625 32.499 34.431 49.358 50.761 51.29 52.164 52.693 53.567 54.096 54.97 55.499 56.373 56.902 57.776 58.305 59.179 59.708 62.514 63.917 66.723 67.252 67.597 68.126 69.529 70.403 70.932 71.461 72.335 73.209 74.612 75.141 75.67 76.015 76.544 77.418 77.947 78.66 80.224 81.282 83.559 85.836 90.068 90.597 91.977 92.874 94.277 94.806 103.224 104.627 106.03 106.904 108.307 108.836 109.365 111.642 113.045 114.448 115.322 116.38 118.657 123.763 125.166
#
Notes:
0.131962 0.852199 1.13045 1.41711 1.78838 2.12247 2.53192 2.61703 3.09546 3.26006 3.63069 4.22158 4.26319 4.33954 4.4655 5.03227 5.30471 6.07761 6.46046 6.55011 6.81625 7.06362 7.12324 7.12832 7.46548 7.73759 8.16779 8.70069 9.14622 9.59823 9.6843 10.4343 10.9138 11.0813 11.1876 11.462 11.8724 12.2036 12.2795 12.3552 12.4407 12.924 13.2684 13.806 13.9794 14.7318 14.8941 14.9905 15.0197 15.2228 15.3139 15.8953 16.389 16.6893 17.0103 17.192 17.5848 17.7954 18.0885 18.2537 18.5071 19.1751 19.4379 20.1105 20.6104 21.3405 21.5362 22.0514 22.1993 22.3458 22.4846 22.7815 23.0428 23.5104 23.9643 24.554 24.741 24.7574 24.8153 24.8999 25.2334 25.8841 25.9409 26.5855 26.5954 27.2332 27.6504 27.8344 27.9233 28.2931 28.3566 28.6559 28.6679 28.7092 28.753 29.53 29.9294 29.9477 30.0998 30.802 31.0861 31.7048 31.8555 32.5504 32.7819 32.8159 33.2967 33.6931 34.0578 34.7711 34.8749 35.0088 35.0644 35.6027 35.9651 36.0501 36.3544 37.065 37.0676 37.3382 37.4036 37.6823 37.9316 38.2289 38.2714 38.7006 38.7726 39.3506 39.5629 40.0304 40.0646 40.8184 40.9156 41.5268 41.8946 42.1356 42.1857 42.9096 43.0693 43.7015 43.7683 44.281 44.5755 45.0472 45.4409 46.155 46.1978 46.7311 47.1754 47.5702 48.0051 48.5304 48.8206 49.1121 49.4238 49.9696 50.2143 50.3282 50.5212 50.737 51.0381 51.5761 51.93 51.9427 52.3868 52.5993 52.8484 52.9799 53.0787 53.183 53.3608 53.9574 54.1894 54.8989 55.226 55.5766 55.9511 56.4018 56.4885 57.1336 57.2091 58.0005 58.2752 58.3321 58.3912 59.1786 59.3433 59.4003 59.4963 59.6989 60.1549 60.6103 60.9665 61.2817 61.3578 61.8053 62.0646 62.8005 63.2575 63.8453 63.933 64.4997 64.6759 65.2897 65.6669 66.2901 66.3923 66.8406 67.193 67.8391 68.2745 68.3756 68.7973 69.0237 69.3093 69.5086 70.0051 70.5753 70.751 71.2188 71.3711 71.9987 72.1117 72.3984 72.7948 73.5042 73.6231 73.8743 73.93 74.6501 75.0067 75.0627 75.1179 75.6454 75.894 76.3275 76.4245 77.2232 77.4467 77.9138 77.9241 78.5471 79.031 79.438 79.7227 80.3733 80.8082 81.3194 81.3737 81.4431 81.6082 82.0481 82.0957 82.2417 82.3608 82.4858 82.7542 83.0102 83.3637 83.6056 84.0299 84.7582 84.7749 84.7823 85.1498 85.1783 85.6204 85.6502 85.7148 86.3204 86.8181 87.5529 87.9119 88.4413 88.5208 88.6142 88.6588 89.099 89.4913 89.8677 89.881 90.4199 90.8263 91.2867 91.7806 92.1207 92.2534 92.4635 92.6108 93.3261 93.4304 94.0933 94.1272 94.2766 94.4851 94.6236 94.8427 95.5789 95.8356 96.2381 96.2689 96.9076 97.3423 97.9461 98.1836 98.7216 98.7451 99.061 99.2206 100.017 100.048 100.651 101.133 101.191 101.317 101.759 102.04 102.057 102.072 102.679 102.715 103.388 103.537 103.919 104.051 104.447 104.855 105.625 105.758 106.1 106.246 106.621 106.946 107.264 107.512 107.563 107.876 107.923 107.993 108.048 108.214 108.358 108.786 109.012 109.409 110.139 110.144 110.663 110.941 110.95 111.282 111.688 111.954 112.292 112.509 112.603 112.646 112.755 113.045 113.494 113.953 114.516 114.532 115.13 115.485 115.773 116.125 116.606 116.686 116.765 117.19 117.307 117.485 118.02 118.382 118.886 118.909 119.594 119.769 120.025 120.455 121.229 121.578 121.7 122.196 122.944 123.438 124.152 124.324 125.072 125.311 126.058 126.434 127.175 127.401 127.747 127.852 127.869 128.238 128.957 129.32 129.401 129.652 130.385 130.772 131.218 131.533 131.654 132.106 132.582 132.805 133.044 133.307 134.1 134.138 134.234 134.447 135.009 135.124 135.311 135.312 135.516 135.853 136.512 136.904 137.145 137.234 137.952 138.092 138.295 138.413 138.631 138.945 139.272 139.431 140.188 140.254 140.631 141.104 141.888 141.995 142.679 142.865 143.345 143.725 144.299 144.372 144.863 145.097 145.162 145.334 146.015 146.102 146.893 147.265 147.872 148.213 148.27 148.64 149.278 149.379 149.741 149.868 150.525 150.935 151.251 151.468 151.538 151.601 152.054 152.28 152.309 152.544 152.856 152.915 153.33 153.79 154.039 154.37 154.868 155.071 155.439 155.644 156.235 156.303 156.749 157.083 157.121 157.508 157.912 158.202 158.256 158.464 158.906 159.03 159.367 159.828 160.196 160.641 161.019 161.322 161.75 161.915 161.928 162.343 163.131 163.417 163.925 164.187 164.563 164.956 165.688 165.777 165.984 166.197 166.329 166.492 167.225 167.642 168.264 168.285 169.008 169.027 169.77 170.03 170.04 170.08 170.666 170.768 170.8 171.115 171.528 171.821 172.296 172.381 172.702 172.753 173.121 173.388 174.032 174.156 174.491 174.532 174.567 174.761 175.502 175.647 176.195 176.358 176.798 176.816 177.472 177.534 178.016 178.198 178.903 179.033 179.697 179.707 179.864
#
Chords:
0.659078 8.63504 15.8934 17.9259 20.0615 27.9871 35.8672 38.7973 39.9281 45.877 51.9399 54.2209 58.6232 64.2188 70.1622 77.2368 81.2738 83.9611 86.5128 92.4851 96.5247 100.52 105.999 110.248 112.944 119.025 121.054 128.826 136.647 139.636 145.977 150.042 150.803 155.995 163.219 170.473 171.707 175.195
#
Structure:
0.0437025 24.3865 26.1669 28.8825 29.1188 38.2936 38.3264 49.5328 53.3695 64.1767 66.4778 81.4471 81.6485 106.916 108.467 129.748 130.561 155.921 158.116 159.514 162.482 178.967
#
