RandomSegments:
3.92717 7.89216 10.2984 14.1696 18.1683 21.7006 25.2846 28.3033 30.9592 34.0993 37.5893 40.1994 41.159 43.5337 44.1406 46.6641 47.012 49.9701 53.0799 56.0382 57.9386 60.1051 61.0818 62.6962 63.1618 64.8218 67.6793 71.4777 74.3814 77.5513 78.9293 81.9542 83.5991 84.9289 87.436 89.9624 93.0859 93.68 94.8461 96.7851 98.3671 101.999 103.706 104.785 106.29 108.128 110.568 111.143 112.528 112.985 115.118 118.291 119.658 121.304 124.479 127.358 130.344 134.232 136.937 139.693 140.336 144.311 146.233 146.669 149.987 150.757 153.421 154.095 155.185 156.958 159.926 161.316 165.066 167.162 168.576 170.021 173.181 176.656
#
Onsets:
2.783 30.843 37.168 42.32 46.621 65.826 68.701 86.25 87.653 89.125 91.954 102.166 103.408 103.592 103.96 132.273 141.22 146.096
#
Notes:
0.294076 0.550798 0.809366 1.29085 1.41923 1.64099 1.95261 2.57226 2.58096 3.30337 3.69835 4.36981 4.38804 4.77292 4.93476 5.66488 5.84368 6.00469 6.10101 6.8826 7.31842 7.61904 7.6218 7.67778 7.865 8.17785 8.56847 8.64882 9.02063 9.26238 9.6577 10.0157 10.3987 10.7795 10.9056 11.7052 12.0283 12.1797 12.2606 12.8912 13.2557 13.7265 13.7463 14.4466 14.6788 15.4125 15.8489 16.3665 16.4414 16.7743 16.7935 16.9315 17.1705 17.815 18.057 18.6846 18.8957 19.4971 19.9729 20.4012 20.6471 20.8289 21.0899 21.6396 22.0832 22.2191 22.3507 23.0636 23.3573 23.6341 23.7665 23.9361 24.3861 25.0476 25.4655 25.9904 26.2425 27.0265 27.1027 27.3872 27.648 27.9577 28.0241 28.0788 28.3996 28.8717 29.2827 29.4016 29.8193 29.8785 29.9121 30.4274 30.7719 31.0865 31.47 32.0109 32.4547 33.1308 33.3672 33.9752 34.415 34.8954 35.2073 35.3839 35.5117 36.0663 36.1676 36.4559 36.8904 37.5148 37.5553 37.9823 38.1005 38.1586 38.5845 39.2157 39.3352 39.6134 39.8206 40.0034 40.3365 40.6956 40.7481 41.3452 41.6585 41.7993 42.1231 42.3632 42.543 43.3236 43.678 43.9749 44.214 44.4831 44.6517 45.2683 45.3566 45.5924 45.6272 45.9858 46.2001 46.9683 47.4597 47.8262 48.1835 48.5532 48.7914 49.3833 49.5353 49.7179 49.7489 50.4454 50.7576 51.5567 52.0306 52.3849 52.7609 53.1476 53.4931 53.6745 53.9499 54.0033 54.3563 54.9731 55.2204 55.5957 56.0501 56.5298 56.8801 57.4953 57.6319 58.161 58.2651 58.819 59.1134 59.2626 59.2789 59.74 59.8371 60.3233 60.3364 61.0664 61.5526 62.1153 62.1529 62.8547 63.0474 63.54 63.8744 64.4777 64.8931 65.6165 65.7996 66.3233 66.3761 66.6052 66.7036 67.0599 67.1843 67.3652 67.6258 67.854 68.1319 68.1498 68.3447 68.8899 68.9076 69.354 69.8157 70.1895 70.2392 70.5277 70.9035 71.3936 71.7731 71.8819 71.9021 72.1174 72.1737 72.5164 72.5851 73.3514 73.5553 74.0052 74.1885 74.434 74.6612 75.0824 75.0865 75.2807 75.6179 76.3781 76.8722 76.9075 77.1904 77.8587 78.0145 78.1448 78.578 78.7325 79.1201 79.2945 79.3908 79.589 80.0801 80.1378 80.3585 80.6461 80.7452 81.0574 81.4234 81.6836 81.7203 82.1972 82.281 82.4509 82.8353 83.3333 83.4362 83.7409 83.996 84.2922 84.7462 85.4289 85.4827 85.7044 86.1337 86.6819 86.9159 87.6387 87.6541 88.0487 88.3656 89.1204 89.3102 89.95 90.1384 90.5907 90.8137 91.0902 91.5314 91.922 92.2975 92.3233 92.5984 93.1594 93.291 93.8078 94.031 94.2162 94.5759 94.5925 94.8119 95.5067 95.546 96.1845 96.4555 96.6532 97.1008 97.4518 97.7066 97.8677 98.3101 98.8233 98.9234 99.5546 99.7915 100.454 100.829 101.548 101.85 102.528 102.57 103.243 103.535 103.981 104.379 105.048 105.175 105.525 105.989 106.625 106.756 107.475 107.818 108.065 108.426 108.769 109.073 109.272 109.294 109.488 109.61 110.319 110.414 110.895 111.311 112.057 112.154 112.495 112.531 112.858 112.936 113.256 113.48 114.088 114.364 114.513 114.611 114.69 114.741 115.494 115.694 115.7 115.701 116.3 116.451 117.086 117.476 117.611 117.754 118.239 118.527 118.949 119.265 119.52 119.577 119.673 119.945 120.409 120.491 121.266 121.502 122.273 122.646 122.9 123.04 123.508 123.949 124.342 124.487 124.576 124.668 124.902 125.255 125.727 125.738 126.205 126.452 127.218 127.518 127.699 127.799 128.342 128.678 128.681 129.079 129.39 129.507 130.084 130.086 130.865 131.324 131.412 131.527 132.3 132.511 133.069 133.339 133.889 134.242 134.5 134.889 134.916 135.053 135.379 135.551 135.79 135.944 136.506 136.815 137.587 138.056 138.526 138.847 139.528 139.739 140.267 140.272 140.689 140.953 141.525 141.796 142.102 142.548 143.178 143.573 143.847 144.17 144.506 144.925 145.303 145.335 145.984 146.241 146.684 146.961 147.752 147.985 148.721 149.094 149.639 149.738 150.149 150.624 150.641 150.919 151.355 151.761 152.379 152.731 153.269 153.46 153.612 153.681 153.769 153.984 154.159 154.531 154.977 155.116 155.23 155.456 155.755 156.206 156.503 156.756 157.469 157.779 158.189 158.631 158.849 158.916 159.219 159.671 160.336 160.44 160.503 160.772 160.939 161.313 162.026 162.261 162.521 162.816 162.829 163.046 163.436 163.828 164.55 164.974 165.457 165.753 165.996 166.149 166.837 166.872 167.43 167.89 168.529 168.76 168.954 168.986 169.15 169.239 169.985 170.27 170.81 171.151 171.223 171.647 171.908 171.922 172.606 172.632 173.028 173.206 173.882 174.242 174.946 175.001 175.499 175.502 175.507 175.636 175.741 176.233 176.573 176.737 177.35 177.389 177.836 178.079 178.253 178.319 178.796 179.039 179.654 179.742 180.012
#
Chords:
5.7237 13.032 19.6278 21.405 24.2543 28.0404 30.7927 37.3644 38.4362 40.0472 40.924 43.5913 46.6624 51.3332 53.6085 57.1021 59.8704 67.1986 68.9259 73.7776 74.8656 75.4379 79.1632 83.7999 87.7822 89.1687 95.7269 102.246 103.319 108.572 115.552 122.435 124.461 129.935 136.873 142.441 143.953 145.673 153.286 155.496 157.863 164.358 166.58 170.313 175.625
#
Structure:
3.2844 4.39589 8.313 32.8297 34.8475 57.5011 60.7782 73.3213 73.4354 77.4556 77.5915 80.7254 84.0198 103.497 105.092 118.46 122.447 123.482 123.668 139.828 140.894 158.981 159.503 163.913
#
