RandomSegments:
2.12273 2.42668 4.80721 6.62133 8.42055 12.1313 12.4839 15.9032 17.8311 20.6968 22.5405 24.4802 25.9786 28.7021 31.5715 32.3161 35.5189 38.5773 39.4835 39.8365 42.4242 44.2922 46.0895 46.4693 49.4984 52.2123 55.9536 59.582 61.6488 62.3273 63.3611 64.9928 68.7843 69.9524 73.9253 74.4232 77.2469 79.0839 81.9801 85.44 87.416 90.3802 92.6463 94.2302 95.9695 98.4272 99.3939 103.135 104.617 108.435 108.764 110.656 112.962 113.597 114.748 117.441 120.788 123.735 124.663 127.631 131.289 133.74 134.391 137.455 138.933 139.997 142.808 145.027 148.037 151.59 154.133 157.514 160.423 162.947 164.6 165.792 166.212 166.991 170.069 172.836 175.091 178.237 178.939
#
Onsets:
0.989 1.357 1.748 4.416 4.807 5.336 6.509 7.291 8.234 8.418 10.327 10.511 10.718 10.902 13.777 21.39 33.971 38.203 39.1 46.184 58.949 59.892 62.951 69.437 69.621 69.828 70.564 72.289 72.68 72.864 73.623 74.773 75.348 75.716 75.923 76.682 78.591 78.775 80.868 82.386 83.352 83.904 84.502 84.87 85.261 85.836 87.929 88.481 88.711 89.999 90.597 90.965 101.476 101.66 104.328 104.535 105.662 115.575 123.004 126.638 130.065 131.192 133.883 135.792 136.367 136.735 137.126 137.31 137.517 137.977 139.794 140.162 141.887 145.889 146.28 148.948 149.132 150.466 151.041 151.984 152.375 155.043 155.434 155.618 155.825 157.136 158.102 159.045 160.195 160.747 161.529 172.776 174.501 174.685
#
Notes:
0.24984 0.307752 0.738658 1.21665 1.5663 1.6507 1.81943 1.84621 1.86572 2.21305 2.43049 2.5187 2.94065 3.3297 3.4105 3.75524 4.2193 4.57808 4.86306 5.26554 5.40315 5.68411 5.74677 6.35404 6.65522 7.05558 7.07429 7.62418 7.91975 8.64827 8.94111 9.72641 9.759 10.476 10.9609 11.0518 11.5002 11.8823 12.2408 12.4297 12.8913 13.4974 13.5861 14.2441 14.5706 15.3105 15.38 16.1382 16.1613 16.1942 16.2398 16.7359 16.8097 17.0231 17.1091 17.1624 17.5888 18.1355 18.2991 18.6028 18.8998 19.1932 19.5504 19.8961 20.0058 20.7017 21.1418 21.5145 21.9415 22.5564 22.9302 23.1384 23.1471 23.4908 23.9599 24.1896 24.5821 25.1055 25.3378 25.9441 26.0796 26.3639 26.526 27.3024 27.4088 28.149 28.1607 28.8489 29.3209 29.6786 29.9607 30.0909 30.3555 30.6837 31.1471 31.2226 31.3973 31.4631 31.7513 32.5161 32.9734 33.1306 33.1435 33.5977 33.6902 33.7782 34.2726 35.0236 35.1165 35.1867 35.2609 35.3259 35.4219 36.1188 36.1589 36.4561 36.5904 36.7385 36.9154 37.2093 37.4307 37.7041 37.8781 38.2678 38.4156 38.8916 39.2971 39.6604 39.7846 40.1078 40.456 41.1901 41.3545 41.5631 41.7149 41.8365 42.1844 42.3758 42.5043 42.6993 43.0527 43.7887 43.9671 44.5024 44.9054 45.5848 45.9978 46.5355 46.5444 46.6935 47.1902 47.4682 47.6292 48.1881 48.6553 49.323 49.672 50.2771 50.3328 50.7554 50.8132 51.2024 51.4705 52.0425 52.169 52.7624 53.0069 53.4374 53.5502 53.5817 53.7453 54.3048 54.3578 54.4594 54.6653 55.3085 55.5663 55.8318 56.1743 56.7764 56.8116 57.0916 57.5559 57.6285 58.1089 58.6131 58.7312 59.3055 59.5294 59.5378 59.9022 60.594 60.8726 61.4827 61.5061 62.1011 62.4763 63.0373 63.361 63.9861 64.4147 64.8254 65.0455 65.7128 65.7368 66.5092 66.9056 67.1451 67.2099 67.3239 67.5423 67.9616 68.4327 68.7355 68.8868 69.2216 69.2939 69.3182 69.729 70.2742 70.3553 70.9597 71.3195 71.7539 72.0462 72.4036 72.8215 73.1665 73.5613 73.9471 74.4467 74.8221 74.8614 75.2182 75.4642 75.6304 75.6821 76.4613 76.5286 76.929 77.3604 78.0694 78.3277 79.0714 79.0989 79.3034 79.5104 80.0575 80.09 80.5492 81.0072 81.2476 81.4302 81.9661 82.1149 82.2537 82.5619 82.989 83.0727 83.2611 83.384 83.9513 84.4122 84.9884 85.3809 85.7029 85.7211 86.0502 86.4246 87.2022 87.3164 87.5432 87.7115 88.4705 88.4791 89.2331 89.602 89.7989 90.1582 90.7745 90.9345 91.5086 91.7086 91.854 92.0972 92.6686 93.0844 93.8031 94.0416 94.6823 95.163 95.6799 96.1303 96.3602 96.8344 96.9815 97.1201 97.7042 97.8452 97.8991 98.0827 98.1311 98.1419 98.1866 98.4761 98.8738 99.2171 99.6717 99.784 100.501 100.915 100.99 101.447 102.006 102.411 103.182 103.613 103.717 104.141 104.453 104.651 105.296 105.693 105.84 106.061 106.384 106.769 106.801 106.933 107.378 107.425 108.089 108.213 108.71 109.019 109.624 109.636 110.02 110.485 111.159 111.487 111.514 111.768 112.249 112.377 112.806 112.977 113.229 113.596 113.948 113.961 114.644 114.651 115.361 115.81 116.131 116.363 116.783 116.898 116.901 117.329 117.962 118.46 118.766 119.059 119.314 119.453 120.137 120.392 120.894 121.297 121.965 122.005 122.617 122.961 123.575 123.658 123.681 124.104 124.852 124.979 125.336 125.441 125.461 125.645 125.777 125.86 126.564 126.797 127.12 127.286 127.539 127.825 127.927 128.008 128.361 128.604 128.68 128.889 129.171 129.314 129.674 129.691 130.205 130.43 130.817 131.038 131.522 131.953 132.562 132.974 133.42 133.656 133.846 134.039 134.175 134.632 135.066 135.135 135.323 135.751 135.804 135.922 136.524 136.696 136.722 136.938 137.542 138.018 138.161 138.465 139.091 139.091 139.283 139.777 140.093 140.406 141.092 141.097 141.62 142.109 142.182 142.404 143.159 143.335 143.477 143.833 143.903 144.155 144.716 144.723 144.814 145.287 145.95 146.077 146.571 146.821 147.431 147.577 147.657 148.108 148.168 148.459 148.624 148.983 149.04 149.386 149.591 149.777 150.45 150.842 151.629 151.902 152.036 152.295 153.007 153.387 154.12 154.365 154.449 154.65 154.735 155.064 155.217 155.694 155.918 156.348 156.948 157.336 157.618 158.063 158.294 158.371 158.829 158.939 159.116 159.566 160.205 160.624 160.957 161.137 161.672 161.829 161.987 161.991 162.72 162.984 163.159 163.396 163.7 163.792 163.862 163.998 163.999 164.289 164.431 164.434 164.672 165.01 165.424 165.587 166.079 166.094 166.223 166.439 167.034 167.316 168.079 168.288 168.333 168.716 168.796 168.882 169.564 169.715 170.06 170.167 170.192 170.492 171.123 171.208 171.832 172.04 172.377 172.474 172.806 173.281 173.93 173.997 174.024 174.271 174.927 175.272 175.392 175.476 175.947 176.136 176.884 177.291 177.338 177.613 177.824 178.062 178.512 178.656 178.808 179.116 179.394 179.603 179.613
#
Chords:
5.52091 11.8148 17.351 24.0308 31.2507 34.4422 39.6832 41.9115 45.9346 48.5596 55.3984 62.3504 63.5093 71.2303 71.9958 73.3494 76.2875 83.1288 89.9331 95.1526 96.5004 97.7335 101.067 106.876 108.047 113.664 118.908 121.453 124.554 126.822 130.703 131.329 136.43 141.817 145.439 152.665 156.145 162.451 165.901 171.112 172.538 173.863 174.494
#
Structure:
1.18155 29.0309 31.7646 50.0739 51.2395 58.6527 61.5729 82.2626 85.1041 87.3793 90.6475 97.2057 98.1011 122.764 126.583 155.636 158.094 168.58 170.248 170.786 172.534 176.109
#
