RandomSegments:
3.18925 6.01444 7.47389 9.51182 10.4966 14.4645 17.3525 20.4011 24.268 25.2396 27.6896 30.3636 34.126 35.7787 37.6332 41.1977 42.0354 43.5459 46.1038 48.4393 48.8811 49.641 51.0223 54.2007 54.69 56.6348 60.3161 61.3252 64.9481 68.4601 69 71.2623 72.8093 75.6837 78.273 79.8529 82.7252 84.8656 87.8008 88.8015 92.5629 93.0002 95.4994 96.4999 98.8175 101.827 105.365 107.256 107.662 109.076 110.142 110.565 111.916 115.015 118.748 120.354 123.045 124.835 127.721 128.711 132.26 136.214 138.988 140.807 144.392 147.181 148.189 151.988 153.986 157.879 160.534 162.53 165.678 167.141 168.603 171.514 175.458 177.239 177.735
#
Onsets:
0.138 15.916 19.757 23.598 38.939 41.952 54.303 54.786 56.695 59.938 66.654 67.62 69.644 73.37 84.64 86.089 86.549 86.779 87.998 88.481 88.711 89.309 89.907 90.62 92.552 92.667 94.599 95.427 95.657 97.589 98.808 99.636 100.234 108.008 123.372
#
Notes:
0.349971 1.13718 1.36681 1.52754 1.78949 1.99763 2.19176 2.30009 2.58675 2.9871 3.31731 4.00984 4.09309 4.17122 4.4475 5.00289 5.25075 5.7908 5.83884 6.09849 6.37779 6.71045 7.0667 7.12926 7.19484 7.41067 7.52009 7.52402 7.55538 7.71007 8.0764 8.30954 8.64681 8.70988 8.96452 9.66474 9.93626 10.3597 10.4806 11.0167 11.2413 11.35 11.7774 12.0241 12.4119 12.7418 12.904 13.5507 13.6157 13.6523 13.9292 13.9852 14.2265 14.7191 15.1377 15.6249 15.9199 16.2737 16.7456 17.0909 17.5881 18.1611 18.3361 18.7036 18.891 19.3463 19.6745 20.0016 20.2682 20.4593 20.816 21.2418 21.6408 22.431 22.6787 22.7791 22.8406 23.5824 23.7064 23.8753 24.2082 24.5356 25.0063 25.2466 25.3095 25.4188 25.7006 26.2138 26.5256 27.0466 27.1866 27.8761 28.0768 28.3605 28.8593 29.1848 29.2493 29.825 30.0029 30.5515 30.5977 31.2739 31.616 31.8787 31.9034 31.9164 32.3924 32.7592 32.776 33.1109 33.2328 33.5464 33.9888 34.5254 34.922 35.4541 35.8488 36.1091 36.1593 36.7981 37.1053 37.9032 37.9908 38.5536 38.7091 38.9299 39.1415 39.2527 39.3386 39.3998 39.5094 39.6064 39.7186 40.1874 40.5331 41.0905 41.3604 41.7308 42.1055 42.8901 43.2592 43.6149 44.0589 44.7564 44.9935 45.0074 45.4063 45.6827 45.7728 46.021 46.1779 46.7643 47.1905 47.8807 48.2473 48.9632 49.0418 49.3849 49.4006 49.9543 50.2764 50.6502 50.6574 51.1869 51.3569 51.7407 52.2052 52.4502 52.7058 53.3864 53.6714 54.3885 54.8253 55.1007 55.3072 55.4694 55.4837 56.2173 56.6182 56.6609 56.867 56.8673 57.23 57.3341 57.6003 58.3291 58.4359 59.1609 59.551 59.9852 60.4268 60.5339 60.8305 60.8309 61.1635 61.7919 61.9198 62.1811 62.3042 62.9902 63.0467 63.8332 63.9592 64.7122 64.9536 65.1439 65.498 66.2722 66.2962 66.3912 66.7949 66.8207 66.8232 66.8926 67.149 67.7137 68.0921 68.1612 68.1777 68.7688 68.9817 69.0848 69.4326 69.8832 70.3692 70.4219 70.5482 70.9489 71.0462 71.6127 71.6875 71.7532 71.9529 72.7094 73.1041 73.4098 73.4176 73.4392 73.5984 74.2236 74.693 75.2157 75.702 75.7475 76.1898 76.2229 76.4781 76.6442 76.9108 77.4028 77.7847 78.5246 78.8982 79.2817 79.7025 79.7907 80.111 80.379 80.3852 80.6641 81.0568 81.846 82.2468 82.8413 83.0073 83.0908 83.2575 83.2711 83.4349 83.7506 83.9733 84.2049 84.2119 84.8779 85.1842 85.5307 85.7223 85.816 85.9203 86.2514 86.6395 86.6425 86.7099 87.1326 87.534 88.0682 88.2437 88.9928 89.1751 89.7831 89.9519 90.272 90.3039 90.5485 90.5588 91.0665 91.4555 91.5415 91.6367 91.7768 92.1172 92.7611 93.2343 93.3697 93.6158 93.8151 93.9142 94.7126 94.8323 95.1112 95.4884 95.596 95.7492 95.7819 95.7975 95.9127 95.9416 96.3806 96.8355 97.0227 97.4307 97.8903 98.2791 98.4855 98.7214 99.194 99.3347 99.8003 100.056 100.763 101.175 101.749 102.12 102.523 102.691 102.793 103.043 103.665 103.843 103.939 104.238 104.68 105.155 105.323 105.748 106.385 106.632 107.351 107.543 108.149 108.579 108.761 109.048 109.282 109.301 109.347 109.775 110.213 110.571 110.924 111.03 111.545 111.971 112 112.295 112.707 113.099 113.824 113.857 114.316 114.752 115.311 115.316 115.574 115.702 116.113 116.134 116.63 116.99 117.349 117.378 117.949 118.049 118.186 118.246 118.817 119.306 119.675 119.911 120.443 120.498 120.58 120.813 121.515 121.542 121.584 121.934 122.454 122.512 122.732 122.798 122.856 123.197 123.329 123.546 123.578 123.972 124.731 124.94 125.056 125.089 125.876 126.258 126.749 127.04 127.321 127.747 128.475 128.785 129.319 129.81 129.978 130.432 130.818 131.201 131.488 131.667 131.845 132.326 132.724 133.132 133.16 133.429 134.225 134.667 135.052 135.167 135.858 136.016 136.376 136.589 136.818 136.836 137.014 137.311 137.661 137.821 137.891 137.921 138.116 138.183 138.507 138.73 138.918 139.022 139.45 139.704 139.818 140.244 140.67 141.004 141.345 141.356 141.373 141.39 141.661 142.026 142.14 142.225 142.812 142.946 143.732 143.942 144.129 144.281 144.615 144.636 145.393 145.583 146.165 146.639 146.923 147.349 148.094 148.265 148.72 149.106 149.295 149.296 149.746 150.137 150.535 150.795 151.266 151.53 151.607 151.748 152.055 152.37 152.505 152.721 153.018 153.383 153.82 154.147 154.52 154.863 155.145 155.15 155.696 155.888 156.408 156.724 156.854 156.984 157.013 157.289 157.948 157.951 158.434 158.662 158.851 159.126 159.258 159.569 160.302 160.697 160.823 161.242 161.797 161.869 161.966 162.263 162.488 162.709 162.842 162.99 163.583 163.665 163.935 164.34 165.115 165.422 165.637 165.696 166.393 166.394 166.428 166.606 166.923 167.414 167.958 168.452 168.5 168.854 168.948 169.191 169.291 169.746 169.85 169.939 170.026 170.525 170.592 170.917 171.515 171.914 172.638 172.844 172.921 173.357 173.534 173.611 174.339 174.342 174.361 174.53 175.3 175.738 176.381 176.604 176.972 177.183 177.615 177.926 178.097 178.585 178.955 178.969 179.537
#
Chords:
7.89906 14.6038 20.6328 22.5778 25.5141 31.7894 35.2677 40.7515 47.3022 54.3734 60.0543 61.6397 67.3167 68.0291 72.2774 79.5246 87.11 91.4684 98.5174 103.096 110.641 111.79 115.855 122.531 128.43 130.853 133.782 138.222 145.503 151.507 152.762 158.295 164.253 167.852 174.474
#
Structure:
2.80441 28.1195 30.3449 32.7483 35.8454 55.2533 56.8902 79.2307 79.5575 106.836 110.055 134.133 137.346 142.673 144.045 150.933 151.646 173.679 176.38 178.729
#
