RandomSegments:
2.82237 4.00743 5.12823 8.90194 10.6896 14.1086 16.2906 18.8361 20.4158 22.8189 24.8235 28.7079 31.9517 32.4178 33.6763 36.843 37.5865 40.8756 44.41 47.9796 51.73 55.5298 58.6032 60.1476 62.2834 62.6408 65.4677 68.868 72.5012 75.1312 77.9677 79.3936 79.8777 82.4955 83.1708 85.7998 89.735 90.8615 94.0033 95.5217 97.9208 98.4646 100.608 101.72 102.37 104.789 107.556 110.748 114.011 116.116 117.085 118.779 122.247 122.707 125.29 129.137 132.57 135.233 138.513 140.47 141.805 143.755 146.434 148.276 149.129 152.552 154.383 155.609 156.231 156.856 158.656 160.539 161.325 162.082 162.72 163.366 166.074 169.882 172.676 175.055 177.001 178.888
#
Onsets:
6.118 11.178 13.708
#
Notes:
0.461348 0.910288 1.39977 1.73948 1.93668 2.61936 2.6224 3.06746 3.36175 4.0157 4.28094 4.73156 4.9002 5.48679 5.92942 6.27257 6.39335 6.90838 7.35969 7.57759 7.87601 8.03942 8.28569 8.47549 8.9013 9.6462 9.65634 10.4436 10.5713 11.2775 11.4721 11.5259 11.9522 12.1949 12.3121 13.0944 13.3336 13.5421 13.6095 13.7174 14.1735 14.8206 14.9444 15.427 15.8503 16.4176 16.5551 17.2132 17.626 17.8155 17.8979 17.9996 18.4058 18.4926 18.7203 18.9905 19.2587 19.3058 19.6403 19.8059 19.9475 20.028 20.3578 21.1572 21.2969 22.093 22.2544 23.0446 23.2082 23.9835 24.2698 24.3874 24.8131 24.9775 25.4741 26.1345 26.1375 26.2513 26.2857 26.8274 26.8302 26.9158 27.1172 27.6244 27.7902 28.0484 28.4613 28.6229 29.1084 29.7594 30.1623 30.849 31.0228 31.216 31.2468 31.9155 31.9636 32.1276 32.5217 32.5791 32.7484 32.7768 32.9765 33.4601 33.7703 34.2623 34.3594 34.5186 34.5981 34.8007 35.2278 35.6126 35.8956 36.0161 36.1044 36.3952 36.7414 37.1273 37.6016 37.6375 38.0177 38.523 38.7095 38.9978 39.2142 39.6977 40.1715 40.7862 41.2756 41.4021 41.505 42.1078 42.2036 42.7422 42.8547 43.5953 43.7024 43.9436 44.098 44.5773 45.0421 45.3776 45.7525 45.8558 45.8919 46.6285 46.6672 47.3012 47.6586 47.9612 48.3113 48.7017 48.8469 49.3303 49.5027 49.5358 49.9373 50.453 50.5541 50.8699 51.0614 51.6497 51.741 52.1114 52.5344 52.7357 52.8317 53.5798 53.7846 53.9325 54.3459 54.9916 55.1034 55.2426 55.445 56.1829 56.6186 57.1201 57.4838 57.7269 57.9766 58.743 58.987 59.434 59.7983 60.1822 60.5454 60.6542 60.6565 61.4356 61.5557 62.1311 62.4044 62.7836 62.962 63.391 63.6629 63.8999 64.3863 65.0769 65.4593 66.1326 66.2668 66.6757 66.7893 66.9551 67.4551 67.9097 67.9554 68.0627 68.4528 68.6026 68.8168 69.077 69.2025 69.7553 69.7667 70.2974 70.5744 71.2025 71.635 71.9229 71.9271 72.0489 72.293 72.7473 72.9458 73.1184 73.5221 73.9133 74.2995 74.5773 74.8865 75.2901 75.3832 75.6269 75.8315 76.1231 76.2471 76.3911 76.7122 77.4838 77.944 78.4543 78.5368 79.1292 79.3584 79.9384 80.3902 80.5624 81.0101 81.0386 81.2851 81.8664 82.3587 82.767 82.771 83.4644 83.4663 83.9866 84.207 84.7414 84.9044 85.2485 85.2941 85.3439 85.4255 85.9761 86.2352 86.7539 86.9498 87.172 87.2789 87.5156 87.9478 88.5539 88.8809 89.3765 89.4326 90.1581 90.5987 91.281 91.7055 92.3786 92.5178 92.6414 92.7301 92.7433 93.0869 93.7883 94.2428 94.9588 95.2234 95.8855 96.3358 96.7851 96.8273 96.8755 97.2824 97.3371 97.6296 97.8033 97.9065 98.5363 98.6756 99.4456 99.6253 100.069 100.129 100.557 100.93 101.641 101.765 102.525 102.797 102.847 103.293 103.997 104.061 104.3 104.745 105.353 105.791 106.519 106.739 106.833 106.981 107.458 107.599 108.159 108.551 109.157 109.618 109.926 110.425 110.457 110.502 110.866 110.958 111.712 111.749 111.921 112.131 112.716 112.755 113.182 113.255 113.625 113.768 114.005 114.459 114.775 115.153 115.421 115.77 116.222 116.631 117.309 117.727 118.367 118.439 119.11 119.485 120.266 120.326 120.825 121.127 121.748 122.089 122.824 122.898 123.493 123.643 124.08 124.445 125.163 125.276 125.51 125.932 126.504 126.852 127.614 127.673 128.269 128.376 128.438 128.539 129.043 129.341 129.723 129.917 130.585 131.047 131.839 132.05 132.727 132.755 133.204 133.399 133.511 133.946 134.073 134.119 134.666 135.1 135.554 135.958 136.165 136.329 136.783 137.213 137.533 137.851 138.293 138.74 138.898 139.382 139.477 139.598 140.229 140.72 141.223 141.392 142.017 142.336 142.597 142.865 143.187 143.629 144.412 144.542 145.087 145.213 145.721 146.165 146.481 146.546 146.93 147.081 147.157 147.557 147.842 148.069 148.869 149.319 150.087 150.537 150.542 150.796 150.991 151.345 151.846 152.079 152.141 152.448 152.54 152.592 153.128 153.562 154.027 154.047 154.701 155.021 155.309 155.411 155.779 156 156.334 156.693 157.2 157.405 157.475 157.895 158.148 158.602 159.327 159.61 159.764 159.931 160.596 160.647 161.366 161.625 162.132 162.544 163.146 163.48 164.061 164.513 164.92 165.027 165.208 165.331 165.469 165.718 166.147 166.591 166.916 167.259 167.416 167.69 168.122 168.545 168.807 169.022 169.626 169.898 170.231 170.728 171.065 171.527 172.12 172.519 172.664 172.977 173.145 173.2 173.795 174.038 174.763 174.969 175.751 175.957 176.028 176.276 176.514 176.675 177.461 177.582 178.305 178.598 178.666 179.071 179.764
#
Chords:
4.3094 11.6431 17.3716 23.2045 31.0333 35.1719 42.0636 43.6715 46.8833 47.7379 52.9111 58.3061 65.0001 68.6684 69.7584 76.923 79.4688 85.434 92.5686 95.3089 99.9566 103.26 107.055 109.975 117.54 119.903 123.546 126.953 129.638 136.873 140.272 146.071 152.267 159.933 165.085 168.69 173.159
#
Structure:
2.1999 18.4391 19.8124 42.173 42.9986 44.4397 47.1209 59.0213 62.3576 91.8925 94.7309 119.129 122.093 137.548 138.357 155.366 156.666 174.79
#
