RandomSegments:
1.16462 4.60036 5.97411 8.10926 10.6969 12.8791 13.6866 16.3444 18.9634 22.0418 25.725 29.2594 33.1488 34.4827 36.5987 37.4366 40.311 43.7959 45.3565 46.4196 48.5829 52.5813 55.2432 59.1329 62.5592 63.8425 65.6258 68.5319 70.5399 71.9629 74.4343 76.0663 78.2912 78.7878 81.1436 84.4715 88.4659 89.5683 92.8086 94.3457 96.4201 98.5713 100.057 103.904 104.247 106.99 109.731 110.842 111.833 115.431 118.752 122.174 122.84 125.282 126.073 129.357 130.885 134.727 136.678 138.731 141.401 144.273 146.258 147.077 149.133 152.929 155.798 158.786 159.108 162.696 163.086 166.813 170.126 171.557 172.053 174.504 178.083 179.122
#
Onsets:
0.483 0.598 0.805 1.127 1.242 1.426 1.863 2.07 2.392 2.484 2.691 7.199 36.225 36.432 36.616 45.356 45.563 54.142 54.349 54.832 55.154 66.654 68.264 70.081 70.495 79.672 79.879 80.086 80.385 80.523 80.73 81.052 81.167 81.374 81.696 81.788 82.018 83.283 85.215 85.537 85.629 85.836 90.965 92.23 93.081 94.806 95.887 101.039 113.16 113.344
#
Notes:
0.283242 0.35175 0.358312 0.417566 0.900583 1.50133 1.73073 1.98108 2.39149 2.85227 3.10467 3.53916 3.65452 3.99825 4.26784 4.36125 4.40669 4.62401 4.74791 5.37286 5.49493 6.15089 6.26939 7.01892 7.18433 7.28568 7.75104 7.80734 7.86582 8.44071 8.82816 9.04091 9.33204 9.69819 9.83803 10.0018 10.2764 10.8998 11.3651 11.8096 11.8768 12.2473 12.4973 12.6299 13.0316 13.5067 13.9022 14.6663 14.8211 15.5154 15.6868 16.4256 16.5762 17.2965 17.3622 17.5015 17.938 18.4923 18.8902 19.1798 19.6035 20.3347 20.5442 20.9214 20.9551 21.0751 21.275 21.5395 21.7778 22.4056 22.6264 23.2409 23.3784 23.9068 24.0025 24.6578 25.1209 25.2645 25.5457 26.2541 26.4044 26.405 26.5387 26.7457 27.1127 27.9037 28.2026 28.9299 29.0713 29.5282 30.0167 30.7757 31.2559 31.3832 31.5441 32.085 32.1996 32.8321 33.2019 33.6862 33.955 34.4744 34.7724 35.0837 35.1719 35.6652 35.9069 35.9385 36.0587 36.4696 36.5301 36.8139 37.301 37.4522 37.8097 38.575 38.7173 38.8036 39.2124 39.8893 40.2383 40.7184 40.8222 41.5281 41.8031 42.1407 42.5555 42.6289 42.9696 43.6009 43.761 43.932 44.1458 44.575 44.6516 44.9625 45.0518 45.5008 45.9693 46.2851 46.4315 46.5956 47.041 47.3133 47.637 48.2233 48.241 48.4147 48.7157 49.1651 49.2296 49.4063 49.7369 50.0574 50.4954 50.6925 51.0006 51.7622 51.9843 52.354 52.5758 52.8447 53.2545 53.552 53.9263 54.6389 54.6539 54.8682 54.8821 55.2864 55.671 56.0579 56.3263 56.4414 56.6675 56.9488 56.9701 57.5408 57.6583 57.8761 57.9966 58.7449 58.7582 59.3984 59.4596 59.7587 59.7724 59.8965 59.9293 60.153 60.5651 60.6145 61.0854 61.4082 61.6944 61.956 61.9603 62.3106 62.46 62.5074 62.9459 63.1388 63.5653 64.3143 64.4804 64.8811 65.152 65.495 65.6396 66.4343 66.9224 67.2301 67.5615 67.6378 67.7183 68.4241 68.6424 69.2049 69.3867 69.9902 70.3457 70.519 70.9111 71.4684 71.4725 72.0681 72.3525 72.6388 72.9496 73.0977 73.1917 73.453 73.5953 73.869 74.2281 74.5593 75.0318 75.6147 75.6409 75.7553 76.2167 76.3899 76.6784 77.3574 77.4748 77.6263 77.7959 78.0328 78.216 78.4977 78.6186 78.7956 78.9313 79.6161 79.7638 80.3268 80.7676 81.4823 81.7101 82.3294 82.7837 83.1202 83.1618 83.2936 83.4016 83.5322 83.8074 84.295 84.5684 85.017 85.0336 85.5117 85.9539 86.6002 86.6066 87.3986 87.514 88.0311 88.293 88.6151 88.655 88.7083 89.0463 89.6575 89.8434 90.3011 90.5434 91.3047 91.4079 91.5408 91.8087 92.5422 92.5902 93.1615 93.424 93.5841 93.6053 94.2774 94.3733 94.5706 94.6788 94.6885 95.0332 95.3742 95.6355 96.4145 96.8718 97.0037 97.419 97.5602 97.9776 98.0525 98.1281 98.4264 98.5947 99.0922 99.3643 99.3806 99.6983 100.37 100.387 100.915 101.299 101.426 101.584 102.318 102.423 102.895 103.166 103.398 103.468 103.533 104.002 104.305 104.496 105.132 105.428 105.989 106.274 106.883 106.943 107.56 107.834 108.468 108.748 109.211 109.486 109.539 109.652 109.762 109.856 110.096 110.506 110.707 111.092 111.814 112.12 112.247 112.745 112.764 113.212 113.382 113.658 114.376 114.677 114.868 115.183 115.502 115.628 116.236 116.697 116.856 116.902 117.465 117.512 117.874 118.223 118.842 118.991 119.309 119.69 119.803 120.172 120.806 121.022 121.504 121.909 122.375 122.837 123.523 123.967 124.543 124.892 124.96 125.078 125.49 125.495 125.854 125.908 126.281 126.315 126.875 127.16 127.902 128.225 128.647 128.678 129.126 129.302 129.964 130.075 130.836 131.036 131.462 131.48 131.73 131.798 131.919 132.329 132.863 132.916 133.478 133.506 133.851 134.323 134.459 134.789 135.415 135.844 135.965 136.287 136.892 136.9 137.581 137.968 138.311 138.604 138.666 138.764 138.87 139.232 139.547 139.854 139.926 140.075 140.147 140.643 140.951 141.255 141.352 141.542 142.064 142.523 143.062 143.472 143.823 143.84 144.248 144.721 145.185 145.565 146.178 146.291 146.74 146.976 147.238 147.458 147.632 147.943 148.319 148.518 149.091 149.303 150.024 150.237 150.406 150.667 151.367 151.703 151.753 152.221 152.633 152.999 153.052 153.064 153.084 153.414 153.859 154.249 154.992 155.429 156.084 156.2 156.997 157.495 158.054 158.166 158.185 158.255 158.923 159.11 159.193 159.554 159.869 160.097 160.551 160.686 161.278 161.295 161.481 161.629 162.378 162.678 162.772 163.159 163.534 164.03 164.268 164.373 164.478 164.674 164.698 165.14 165.492 165.839 166.499 166.626 167.045 167.277 167.767 167.817 168.503 168.685 169.211 169.403 170.02 170.142 170.452 170.654 170.763 171.12 171.748 171.869 171.967 172.217 172.612 172.641 173.003 173.152 173.399 173.531 173.561 173.81 173.97 174 174.337 174.574 174.987 175.215 175.952 176.346 176.786 176.886 177.601 177.612 177.684 178.06 178.856 179.161 179.27
#
Chords:
3.48288 8.4691 12.448 18.4724 26.4431 30.1201 35.9157 37.2724 43.5539 49.4076 57.2424 64.5813 68.1954 68.9826 70.4156 74.1784 82.1129 88.4162 95.1138 100.923 106.868 113.676 114.288 117.454 125.373 132.603 140.007 144.869 152.746 156.165 160.696 167.945 169.793 173.097
#
Structure:
1.5468 25.1892 26.6079 38.2758 40.0551 46.6142 47.895 63.0144 65.8759 84.1503 85.7356 114.905 118.513 125.398 125.914 143.549 146.855 161.958
#
