RandomSegments:
3.6233 6.34394 9.38955 12.3055 15.3345 17.6212 21.486 22.5911 24.1202 25.9844 26.84 29.2267 30.4694 33.452 34.3752 35.8958 38.8144 40.8736 43.0436 46.3268 46.8524 48.3962 50.0237 51.6102 55.2675 55.7849 57.5074 60.5996 61.0528 61.989 65.0958 68.0296 69.3247 70.2863 73.2158 76.53 78.5038 78.9714 79.9486 81.0445 83.9302 85.196 88.3596 90.2048 90.8645 92.1014 94.6959 95.9456 99.6131 101.525 103.212 105.686 108.306 111.101 114.872 117.837 121.045 123.003 123.653 124.44 128.317 130.435 133.387 135.461 138.972 139.986 142.835 144.831 148.332 150.628 151.689 153.928 157.812 161.354 163.904 164.267 166.683 168.01 169.809 172.762 176.435 179.688
#
Onsets:
0.414 2.599 3.22 4.209 4.278 8.441 10.097 10.189 10.511 11.546 12.328 14.421 15.203 21.942 24.403 24.863 32.039 33.925 36.8 50.462 51.911 56.764 57.661 58.374 61.801 61.962 63.135 64.86 65.573 66.999 67.735 80.684
#
Notes:
0.182409 0.691433 0.88573 1.10414 1.18989 1.50393 1.88628 2.43699 2.86655 3.53498 4.03424 4.08105 4.20833 4.98379 5.04531 5.56386 6.05014 6.22918 6.49261 7.09837 7.20704 7.34628 7.55666 7.91263 8.03023 8.27704 8.35621 8.91145 9.13553 9.73728 10.0829 10.2185 10.6189 10.8999 11.3701 11.5544 11.7301 11.7503 11.9325 12.2117 12.5308 13.1654 13.4186 13.895 14.321 14.6246 15.0251 15.2988 15.4726 16.1176 16.3288 17.0046 17.2662 17.9693 18.1961 18.8825 19.1835 19.9586 20.039 20.7908 20.962 20.9648 21.2904 21.7712 21.8782 21.9312 22.2798 23.0459 23.0795 23.4902 23.4948 23.5272 23.9406 23.954 24.3209 24.6577 24.779 25.1273 25.3601 25.6041 25.7191 26.4573 26.7305 27.3356 27.7493 27.8916 28.3615 28.523 28.6746 28.8708 29.0994 29.8001 30.0245 30.6394 30.9489 31.2383 31.5279 31.6133 32.0796 32.7866 32.9276 33.1016 33.5352 33.9418 34.1611 34.7328 34.886 35.6131 35.89 35.8943 36.275 36.957 37.4187 38.1499 38.2127 38.2623 38.5975 39.1555 39.2809 39.771 39.8613 40.5508 40.6138 41.0275 41.5139 42.0588 42.5303 43.0566 43.3204 43.9839 44.3973 44.9725 45.0301 45.0536 45.3101 45.5332 45.6051 45.706 46.0836 46.6556 46.6899 47.0814 47.4511 47.5164 47.7096 47.8315 47.9782 48.4681 48.843 49.3192 49.4012 49.4072 49.7735 50.2325 50.3084 50.4362 50.5741 51.2995 51.488 51.8695 52.0428 52.5406 52.7733 53.1372 53.5583 53.8562 54.3198 54.8479 54.9823 55.4001 55.6592 56.28 56.3935 57.0479 57.4765 58.1728 58.2901 58.3236 58.3679 58.7995 59.2594 59.707 60.1388 60.2067 60.2637 60.3973 60.61 60.9149 61.3529 61.4662 61.5071 61.9773 62.4671 63.1905 63.6112 63.9024 64.35 64.5105 64.7589 65.3518 65.7501 65.914 66.3835 66.6314 66.9439 67.3067 67.7958 68.4985 68.8684 68.8818 69.1105 69.3158 69.4109 70.0594 70.529 70.7886 70.8563 71.224 71.596 71.6278 71.8515 72.3424 72.6543 73.0867 73.1 73.2008 73.6273 73.6276 74.0587 74.8585 74.8661 75.18 75.3628 75.7685 75.9028 76.5556 76.5628 76.8744 77.0603 77.4972 77.9123 78.347 78.4724 78.8392 79.2029 79.2825 79.4762 80.2663 80.3982 80.6384 81.0438 81.2645 81.6745 81.74 82.2279 82.761 83.1329 83.7483 83.901 84.0604 84.3041 84.9334 85.2742 85.4864 85.6222 86.2571 86.5885 86.6483 86.8004 86.9206 87.2779 87.3544 87.3992 87.4944 87.6082 87.7049 88.1316 88.6988 89.0042 89.0972 89.4083 89.8636 89.9814 90.3896 90.8799 91.5494 91.8079 91.8702 91.8918 92.1693 92.6243 92.6858 93.0217 93.1093 93.1601 93.7944 94.0271 94.3952 94.4875 94.6058 94.8853 95.5189 95.5631 95.9872 96.3666 96.5843 96.6101 97.0108 97.0346 97.3965 97.6056 98.0327 98.5282 98.6702 98.9373 99.2937 99.3297 99.8894 99.906 100.441 100.688 101.01 101.152 101.177 101.413 101.451 101.595 101.746 102.024 102.771 103.172 103.475 103.975 104.696 105.187 105.694 106.062 106.512 106.659 106.768 107.24 107.78 107.793 108.469 108.871 108.926 108.99 109.042 109.239 109.258 109.616 109.707 109.867 110.278 110.753 111.346 111.397 111.565 111.894 112.254 112.656 113.194 113.391 113.703 113.705 114.183 114.328 115.106 115.391 115.856 116.072 116.75 116.918 117.12 117.146 117.495 117.574 117.746 117.919 118.427 118.627 119.18 119.261 119.958 120.16 120.387 120.557 120.691 121.155 121.749 121.767 122.048 122.114 122.247 122.615 122.688 122.739 123.163 123.32 124.035 124.271 125.033 125.455 126.044 126.128 126.603 126.866 127.246 127.643 128.142 128.354 128.913 129.265 129.361 129.55 129.69 129.831 130.114 130.509 130.948 131.189 131.44 131.767 132.127 132.187 132.935 133.195 133.727 134.221 134.925 135.305 135.724 135.88 136.14 136.553 136.699 136.973 137.481 137.923 138.649 138.711 138.974 139.225 139.294 139.329 139.534 139.92 139.957 140.031 140.344 140.614 140.944 141.163 141.268 141.342 141.412 141.908 142.334 142.504 142.968 143.222 143.508 143.879 144.499 144.801 145.112 145.398 146.078 146.444 147.123 147.604 147.977 148.079 148.398 148.712 149.436 149.649 150.11 150.19 150.419 150.844 150.922 151.292 151.74 152.06 152.803 153.083 153.39 153.712 154.143 154.491 154.961 155.29 155.458 155.849 156.117 156.383 157.068 157.158 157.706 157.774 157.963 157.967 158.497 158.872 159.619 159.995 160.432 160.858 160.929 161.313 161.692 162.141 162.303 162.527 162.586 162.627 163.406 163.577 163.768 164.078 164.535 165.031 165.604 165.906 166.072 166.473 167.016 167.479 167.862 168.192 168.921 169.089 169.351 169.689 170.318 170.388 170.438 170.807 171.349 171.641 171.91 172.021 172.799 173.025 173.402 173.712 173.973 174.427 174.48 174.654 174.923 174.982 175.202 175.474 175.697 176.025 176.552 176.621 176.666 176.807 176.831 177.296 177.324 177.354 177.504 177.516 178.245 178.445 179.204 179.378 179.582 179.588 179.9
#
Chords:
3.33387 8.21503 12.8842 19.5601 20.8747 25.7309 33.0347 33.6928 41.206 44.1198 49.0253 53.8529 58.5349 61.609 66.4368 69.0712 76.2564 80.6065 88.0782 92.3856 98.6849 99.46 102.852 106.817 112.879 115.182 120.465 125.066 130.581 137.086 139.667 144.885 149.353 154.086 161.739 167.429 168.548 173.723
#
Structure:
1.78985 27.4877 31.1805 54.6462 57.471 84.4597 86.5321 94.957 98.9373 122.161 123.697 125.976 129.363 137.147 139.349 153.61 156.199 179.326
#
