RandomSegments:
2.24536 4.01567 5.75549 7.43502 10.356 13.8059 15.7559 18.5538 19.5877 22.6541 26.6093 28.2643 29.1001 32.8662 33.4316 37.2547 39.4085 42.0948 43.3538 45.5996 46.4721 47.5475 47.9836 50.6226 54.4688 55.1861 56.7422 60.0834 62.9414 64.0567 66.0553 66.5487 68.6416 71.2798 72.0183 74.4963 77.5333 78.0143 81.9902 84.3793 84.9531 85.4975 87.5082 90.9788 92.4656 93.8496 97.3558 99.2486 99.9876 102.924 103.449 106.75 107.493 108.463 110.751 114.159 115.749 117.818 121.45 123.121 126.164 129.465 133.395 133.906 135.683 136.65 138.288 141.91 144.38 146.579 149.107 151.95 152.257 156.153 159.938 160.348 161.975 163.529 166.661 167.24 170.503 174.108 176.639 179.287
#
Onsets:
14.352 14.628 15.778 16.054 16.629 17.779 18.055 18.354 18.929 19.205 20.355 20.631 21.183 22.333 22.632
#
Notes:
0.33694 1.10481 1.51576 2.1511 2.42458 3.01976 3.46674 3.78691 4.27449 4.73996 4.95445 5.27528 5.72482 6.36366 6.61905 7.31346 7.63166 7.90825 7.94327 8.06496 8.16738 8.53377 8.55387 8.58707 9.07456 9.32976 9.57178 9.577 9.60677 10.0217 10.1953 10.6467 10.8194 11.2854 11.7828 12.0174 12.3045 12.5882 12.6823 13.1061 13.295 13.7073 14.0354 14.2571 14.5953 14.6075 15.0669 15.3548 15.5254 16.0899 16.3501 16.6311 16.8988 17.6575 17.8201 18.0676 18.3833 18.7713 18.7884 19.4697 19.5271 19.8048 20.0954 20.5712 20.7635 20.8346 21.1133 21.5136 21.9368 22.0353 22.2007 22.3188 22.4267 22.7804 22.7839 23.1611 23.3766 23.7801 24.2274 25.0226 25.0636 25.5186 25.8324 25.8977 26.2806 26.4862 26.7875 26.9941 27.1293 27.6307 28.0736 28.1595 28.6566 29.0838 29.2087 29.8424 30.0979 30.5533 30.798 31.3792 31.7196 31.9971 32.3372 32.6796 32.788 33.1311 33.3969 33.4638 33.5206 34.0522 34.2983 34.9851 35.4075 35.5898 35.9708 36.3568 36.7215 36.8288 37.2646 37.3768 37.5695 37.9808 38.4704 38.6322 38.9639 39.3087 39.5824 40.2405 40.7287 41.1445 41.4203 42.1711 42.3845 42.5678 43.006 43.5669 43.8868 44.6454 44.6762 45.3719 45.7251 46.3654 46.3888 46.5471 46.62 46.9263 46.9639 47.243 47.3882 47.5773 47.7837 48.0747 48.0753 48.3337 48.3518 48.5279 48.5879 48.8249 49.3001 49.7069 49.9883 50.6629 50.8061 51.4138 51.6459 52.3495 52.7698 53.1328 53.2703 53.974 54.0786 54.2722 54.3829 54.4818 54.5691 54.8992 54.916 55.0275 55.2775 55.3833 55.5556 55.6566 56.0506 56.4455 56.7824 57.2909 57.5711 58.2924 58.4886 58.7238 58.8316 59.4946 59.7867 60.4653 60.4739 60.8495 60.9518 61.2028 61.5904 61.8531 62.0751 62.4819 62.666 62.8815 63.2332 63.8342 64.2211 64.2689 64.3125 64.3199 64.6952 65.4474 65.857 66.0754 66.4955 66.6959 66.941 67.2936 67.7115 68.2263 68.4965 68.8925 69.0829 69.8177 70.2604 70.4603 70.8849 70.8881 70.9332 71.2966 71.3784 71.4779 71.9778 72.3987 72.7557 73.2968 73.4107 73.9764 73.9879 74.6697 74.8784 75.607 75.7682 76.1976 76.5337 76.5751 76.9219 77.3314 77.3657 77.4722 77.9363 78.3353 78.6628 79.3635 79.7467 79.8016 80.2229 80.3587 80.6925 81.4566 81.7544 81.8576 82.2431 82.8807 83.0437 83.0682 83.1695 83.8451 84.2956 85.0325 85.2238 85.7514 86.0845 86.2192 86.4652 86.7387 87.1854 87.7805 88.1575 88.4063 88.6859 89.0967 89.439 89.5801 90.0096 90.2652 90.7516 91.3332 91.5149 91.6232 91.6932 92.15 92.2627 92.3211 92.6428 93.0089 93.1781 93.5992 93.8849 94.5335 94.9641 95.1476 95.4445 95.8504 95.8535 96.2637 96.4223 96.7681 97.0197 97.4496 97.8035 98.4737 98.7948 99.4264 99.7931 99.8267 99.9794 100.472 100.913 101.311 101.754 101.818 102.176 102.781 103.039 103.78 103.834 104.134 104.375 105.114 105.284 105.499 105.638 105.938 106.277 106.739 106.81 106.875 107.194 107.626 107.903 108.324 108.585 108.936 109.201 109.66 109.902 109.996 110.086 110.453 110.782 110.893 111.084 111.36 111.672 111.729 111.747 111.937 112.324 113.101 113.47 113.901 114.304 114.759 114.934 114.938 115.41 115.577 115.732 116.064 116.1 116.145 116.209 116.777 117.002 117.493 117.976 118.687 118.75 118.814 119.162 119.525 119.897 120.352 120.528 121.068 121.505 122.092 122.283 122.651 122.916 123.579 123.885 123.96 123.988 124.561 124.717 125.258 125.743 126.458 126.596 126.97 126.982 126.999 127.17 127.967 127.976 127.995 128.108 128.233 128.549 128.762 128.814 128.898 129.331 130.02 130.432 130.612 130.741 131.236 131.329 132.089 132.364 132.91 132.983 133.56 134.033 134.332 134.544 135.223 135.537 135.765 135.934 136.407 136.744 136.858 137.027 137.185 137.204 137.59 137.647 137.817 138.195 138.726 139.067 139.729 139.746 139.938 140.123 140.564 140.741 140.942 140.996 141.779 141.92 142.261 142.717 143.479 143.541 144.229 144.72 145.432 145.465 145.615 145.778 146.217 146.712 147.33 147.479 147.504 147.807 148.576 149.06 149.295 149.311 150.047 150.416 151.171 151.437 151.514 151.553 152.049 152.305 152.962 153.383 153.954 154.187 154.274 154.278 154.864 154.871 154.991 155.146 155.206 155.559 156.013 156.313 156.72 157.077 157.82 158.033 158.133 158.179 158.648 158.978 159.013 159.401 159.672 159.979 160.522 160.989 161.762 162.051 162.693 163.128 163.263 163.319 163.508 163.562 164.311 164.349 164.674 165.085 165.785 166.168 166.633 166.766 167.198 167.224 167.261 167.448 167.671 168.153 168.16 168.238 168.752 169.043 169.457 169.498 170.202 170.544 170.677 170.72 171.16 171.173 171.874 172.047 172.681 173.017 173.44 173.696 173.911 174.049 174.632 174.9 175.158 175.526 175.924 176.291 176.599 176.652 176.764 176.902 177.024 177.114 177.211 177.577 178.032 178.367 178.502 178.918 179.043 179.218 179.574
#
Chords:
7.40283 13.9059 16.3119 20.9541 24.1318 26.9834 30.6849 33.8288 39.0963 43.6106 46.3766 54.1321 58.2714 63.6903 69.262 72.7982 74.7308 78.1746 80.0218 87.4837 95.4715 98.9878 100.705 101.396 104.379 106.765 114.083 117.487 125.344 129.403 134.34 139.915 147.337 153.461 160.431 163.721 171.085
#
Structure:
0.272713 9.06021 11.7506 26.6513 27.6976 38.9735 42.751 60.4624 63.8281 72.5268 74.6561 103.531 107.275 122.753 126.342 127.011 128.783 143.325 146.828 158.002 160.877 164.854 165.413 166.977
#
