RandomSegments:
1.96916 5.76105 7.53712 9.86593 10.5851 11.6423 14.1428 17.6367 21.446 25.0788 26.4096 28.0583 29.0176 32.3989 33.2611 34.0649 36.1665 38.832 41.8099 45.36 47.8524 48.9296 51.7984 55.3593 59.1803 62.0537 64.3966 66.0259 67.7336 70.8755 72.7116 73.2081 76.7411 78.1211 80.8139 82.987 84.7729 85.2826 86.6128 90.319 94.1931 97.203 100.358 104.355 107.241 110.135 110.978 113.796 115.14 118.849 119.202 120.145 122.188 124.278 126.561 127.586 127.897 128.229 131.678 135.025 137.807 140.147 144.124 147.604 151.032 151.921 155.325 156.086 157.222 160.289 160.971 163.419 164.085 166.037 169.787 172.629 176.22 176.776 177.492
#
Onsets:
34.04 89.976 116.771 142.945 165.807 166.727
#
Notes:
0.142338 0.840577 1.05273 1.63658 1.99162 2.19033 2.28422 2.46924 2.68981 3.10159 3.35763 3.66393 3.72933 4.09705 4.24395 4.41487 4.43193 5.06479 5.30967 5.39915 5.75495 5.87681 6.22469 6.39439 6.6404 7.32692 7.60896 7.82442 8.0628 8.06866 8.11337 8.85307 9.03596 9.13936 9.28728 9.90368 10.3476 10.3628 10.5402 10.6372 10.6944 11.4298 11.763 12.4781 12.6986 13.2607 13.7282 14.1345 14.3918 14.563 14.9475 15.1134 15.5584 15.899 16.319 16.8905 17.2387 17.6906 17.7533 18.2481 18.295 18.9877 19.1256 19.452 19.8536 19.94 20.2536 20.6944 20.9388 21.4124 21.8617 22.2865 22.4248 22.9929 23.0436 23.2393 23.3329 23.9505 24.2969 24.8289 25.2126 25.4013 25.6531 25.7985 26.148 26.1518 26.3895 26.8043 27.1389 27.8944 28.2607 28.7711 28.9111 29.1325 29.1452 29.5772 29.7175 29.7238 29.7602 30.0461 30.4983 30.5337 30.9522 31.478 31.7723 31.897 32.0274 32.3107 32.7417 33.0941 33.3436 33.4552 33.7949 34.1516 34.2395 34.9093 35.4005 35.8866 36.2356 36.7047 37.0918 37.217 37.2953 37.5054 37.7457 37.8687 38.2927 38.3254 38.7694 39.416 39.8878 40.294 40.5095 41.0973 41.2694 41.4517 41.5098 41.7554 41.8775 42.0158 42.4479 43.0574 43.2784 44.012 44.284 44.4554 44.9177 44.9233 45.1687 45.3553 45.7352 46.0646 46.455 46.5683 46.9813 47.3481 47.372 47.9248 48.1298 48.2591 48.3202 48.5362 48.6396 48.92 49.0562 49.2989 49.6741 50.0754 50.2421 51.0375 51.4415 51.9875 52.2368 52.2941 52.677 53.0884 53.1187 53.6729 53.9454 54.3898 54.83 54.96 54.9947 55.0099 55.4426 55.9402 56.3524 56.5307 56.6505 56.9422 57.2089 57.7569 58.1995 58.9482 59.1907 59.4037 59.6728 60.2096 60.4808 60.6959 60.7551 61.4197 61.6017 62.3187 62.8068 63.5956 64.0314 64.8149 64.9823 65.6336 65.878 66.1809 66.5378 67.3033 67.3992 68.1706 68.4756 68.5558 69.0024 69.4698 69.5798 70.3252 70.4241 71.1635 71.4066 71.5097 71.539 72.0717 72.1939 72.2262 72.4075 73.0885 73.4672 73.635 74.1257 74.8121 75.0194 75.3416 75.4994 76.2128 76.6522 76.8862 77.3179 77.6405 77.8707 78.2384 78.662 78.9296 78.9313 79.6204 79.8344 80.3166 80.3465 80.6908 80.9597 81.5395 81.8595 82.6227 83.0542 83.8481 84.0044 84.7204 84.7256 84.8068 85.2775 85.5228 85.7152 86.2299 86.6486 87.0493 87.455 87.7446 88.0499 88.5486 88.765 89.235 89.4826 90.1184 90.5752 91.1738 91.3938 92.1704 92.4117 92.707 93.0749 93.2192 93.6414 94.0114 94.2456 94.4834 94.7284 95.304 95.5898 96.3896 96.6101 96.933 97.3172 97.3793 97.8571 98.1441 98.2315 98.8239 98.9381 98.9635 99.3909 99.4574 99.766 100.503 100.553 100.847 101.059 101.343 101.704 101.924 102.307 102.312 102.377 103.003 103.286 103.322 103.571 104.232 104.326 104.608 104.986 105.306 105.689 106.228 106.599 106.807 107.173 107.287 107.418 108.109 108.405 108.464 108.635 109.219 109.465 109.805 110.036 110.729 111.013 111.682 111.709 112.031 112.353 112.886 112.904 112.999 113.151 113.88 114.212 115.002 115.434 115.775 116.029 116.369 116.496 116.781 117.168 117.467 117.669 117.799 118.221 118.934 118.976 119.132 119.236 119.558 119.955 120.075 120.413 120.618 120.964 121.287 121.313 121.924 121.993 122.421 122.492 122.774 123.185 123.21 123.363 123.374 123.41 123.82 124.005 124.551 124.714 125.059 125.149 125.723 125.886 126.383 126.667 126.77 126.792 127.293 127.793 128.37 128.823 128.968 129.338 129.97 130.119 130.759 131.126 131.565 132.027 132.691 132.719 133.462 133.479 134.203 134.288 135.019 135.037 135.201 135.602 135.651 135.935 136.259 136.602 136.9 137.15 137.75 138.243 138.373 138.854 138.965 139.297 139.367 139.805 140.311 140.593 141.39 141.411 141.652 141.917 142.499 142.67 143.306 143.448 143.906 143.912 144.365 144.57 144.954 145.268 145.378 145.457 146.044 146.399 146.656 146.864 147.026 147.321 147.97 148.252 148.937 149.185 149.207 149.484 150.033 150.236 150.755 151.234 151.783 152.155 152.725 152.858 152.903 153.091 153.66 153.78 154.013 154.506 154.97 155.261 155.491 155.678 156.453 156.807 156.929 157.254 157.854 158.307 158.987 159.446 159.525 159.858 160.145 160.368 160.468 160.686 161.069 161.496 161.822 162.143 162.905 163.092 163.388 163.481 163.535 163.873 164.583 164.706 165.005 165.175 165.205 165.532 166.083 166.315 166.631 166.941 166.981 167.198 167.832 167.883 168.477 168.704 169.454 169.737 169.818 170.207 170.838 171.076 171.246 171.362 171.456 171.577 171.714 171.741 171.857 172.322 172.384 172.656 173.19 173.452 173.763 174.072 174.527 175.024 175.682 176.05 176.159 176.647 177.001 177.135 177.204 177.378 177.443 177.86 178.408 178.632 179.264
#
Chords:
3.83789 10.8443 11.6366 12.2149 18.2018 25.3153 28.2882 30.8292 32.3807 35.0359 39.883 40.6712 45.2619 47.2899 53.0567 55.4512 60.1886 67.6944 74.3282 82.0629 84.942 91.5876 94.4566 96.9677 99.2253 106.646 110.353 116.167 120.148 127.773 128.94 135.571 142.75 145.591 148.921 156.403 159.186 165.226 167.969 175.572
#
Structure:
2.80929 9.95062 12.3369 28.5734 30.1509 31.0747 32.1215 46.0581 48.9445 54.8554 54.8595 69.48 69.7416 85.4736 86.0953 115.381 118.017 142.502 143.733 164.887
#
