RandomSegments:
3.64758 4.72232 5.69395 6.3073 10.2425 13.3903 15.7614 17.7438 19.2036 21.6806 22.9581 23.5265 26.1492 26.6638 30.1825 32.1685 33.0051 35.9076 38.9833 39.8054 43.006 45.82 46.8904 48.7251 51.243 53.7013 56.466 59.9868 62.9895 66.0169 67.949 69.0095 71.6704 74.1827 75.0045 75.893 79.5834 81.5503 82.6303 86.625 88.6131 89.0612 91.8025 93.8126 95.0196 96.4295 98.5879 100.968 103.418 106.798 110.584 111.459 115.405 116.801 120.187 123.033 125.53 127.162 129.117 129.498 130.93 132.617 133.193 136.242 138.311 140.188 142.345 145.853 147.765 151.454 155.028 156.595 159.084 160.629 161.129 162.377 164.335 166.074 169.272 170.143 171.422 172.106 172.601 174.299 177.089 177.837
#
Onsets:
0.391 11.224 11.431 11.937 12.857 13.57 13.8 17.319 17.549 19.642 21.275 22.517 27.14 49.565 51.497 56.028 56.396 57.615 59.961 60.95 61.525 61.916 62.284 62.514 62.905 63.48 65.458 65.688 69.368 69.782 70.127 70.38 71.323 72.335 73.324 73.807 77.234 77.625 78.223 80.178 84.111 85.077 87.032 89.01 94.875 100.786 101.177 101.775 102.718 108.629 109.02 109.618 109.986 111.573 112.102 116.472 116.863 117.461 118.427
#
Notes:
0.411313 0.429209 0.820014 1.18106 1.19666 1.78151 1.87806 2.6629 2.6721 3.01832 3.47837 4.14785 4.51844 4.67274 4.90195 5.66628 5.97453 6.43763 6.51214 7.05896 7.55652 8.24902 8.59268 9.29272 9.79051 9.91578 10.358 10.5434 10.8468 11.4087 11.8272 12.1629 12.3949 12.553 12.6332 13.427 13.5293 13.7994 14.022 14.5424 14.948 15.2812 15.5745 16.274 16.6966 16.8942 16.9698 17.3312 17.8222 17.9696 18.1845 18.9374 19.3124 19.7391 19.9086 20.3857 20.8256 20.9254 21.3362 21.9654 22.0513 22.3195 22.7734 23.1245 23.2692 23.54 23.5846 24.0175 24.2073 24.8987 24.9813 25.1654 25.6307 25.8306 25.9376 26.3374 26.7242 26.7749 27.1994 27.2471 27.563 27.6267 27.8331 28.1336 28.1957 28.9099 29.0444 29.3822 29.6984 30.4524 30.8746 31.0186 31.4853 31.6773 31.9668 32.2938 32.2973 32.7536 32.9749 33.5551 34.0171 34.3817 34.4664 34.8843 34.9933 35.521 35.9572 36.5603 36.887 37.2972 37.3912 37.4883 37.8831 38.5578 38.8642 39.4184 39.5441 40.1774 40.2693 40.6561 40.7112 40.9431 41.0246 41.0501 41.1916 41.5846 42.0233 42.4227 42.6009 43.3408 43.5285 43.791 44.1598 44.6905 44.7176 45.5071 45.7799 46.003 46.4589 47.1266 47.1974 47.8959 48.1885 48.6965 49.0518 49.8201 50.2329 50.8359 51.2344 51.6219 51.9073 52.3614 52.4619 53.0645 53.199 53.2929 53.365 53.8205 54.1258 54.5554 54.6095 54.881 55.0436 55.2751 55.4009 55.7561 55.855 56.4464 56.8548 57.3723 57.8547 57.9311 58.1446 58.8072 58.9268 59.1309 59.4715 60.1284 60.1929 60.6543 61.1329 61.638 61.9874 62.082 62.494 63.1538 63.6213 63.9162 64.4019 64.691 64.875 64.8788 64.911 65.4376 65.4423 66.0063 66.2202 66.3493 66.7293 67.1698 67.6533 67.8205 68.2929 68.3302 68.445 68.8195 68.8844 69.1186 69.128 69.7064 70.1471 70.4156 70.6458 70.885 71.1939 71.3821 71.847 72.5696 72.677 73.376 73.7509 73.8795 74.1393 74.1723 74.2014 74.7067 74.9205 75.5822 75.9622 76.4304 76.771 77.4506 77.9313 78.1853 78.2082 78.4917 78.8919 79.1234 79.1323 79.704 79.7403 80.4358 80.7972 81.0857 81.3683 82.1367 82.2163 82.7559 83.0059 83.2408 83.4627 84.1644 84.6625 85.196 85.3046 85.6581 86.1353 86.868 87.298 87.3494 87.4856 88.1989 88.5406 89.1165 89.5156 89.6996 90.0718 90.7446 91.2057 91.361 91.5839 91.6992 91.8104 92.1062 92.3934 92.5042 92.5351 92.9311 93.3987 94.0776 94.3514 94.5169 94.6362 95.2597 95.6393 96.4274 96.6243 97.1505 97.4747 97.5338 97.9681 98.753 99.0137 99.5439 99.6787 100.401 100.653 100.742 101.141 101.529 101.983 102.377 102.745 103.434 103.874 104.066 104.385 104.635 104.771 104.921 105.091 105.752 105.81 106.419 106.667 106.777 107.086 107.588 107.97 108.607 108.641 109.1 109.249 109.487 109.784 110.494 110.856 111.491 111.562 111.587 111.709 112.047 112.349 113.066 113.565 114.205 114.449 114.771 114.97 115.514 115.539 116.123 116.397 116.662 116.804 117.587 117.785 118.317 118.658 119.068 119.479 119.977 120.062 120.696 120.83 121.545 121.599 122.367 122.424 122.781 123.182 123.956 124.156 124.911 125.104 125.529 125.583 126.028 126.287 126.835 127.145 127.304 127.692 127.868 128.127 128.724 128.801 129.433 129.633 129.817 130.114 130.887 131.309 131.753 132.226 132.235 132.329 132.969 133.076 133.621 133.763 134.219 134.521 135.163 135.598 135.996 136.076 136.814 137.185 137.484 137.724 138.382 138.557 139.339 139.523 139.654 140.146 140.232 140.664 140.691 140.814 141.501 141.765 142.338 142.783 143.321 143.527 143.86 144.232 144.399 144.695 144.902 145.334 145.759 146.111 146.371 146.639 147.187 147.371 147.373 147.547 147.674 148.128 148.493 148.949 149.179 149.315 149.689 149.922 150.011 150.304 150.662 151.142 151.728 151.823 152.544 152.942 153.506 153.82 153.902 154.354 154.724 154.951 155.197 155.328 155.608 155.751 155.936 156.217 156.431 156.92 157.011 157.087 157.466 157.649 157.755 158.214 158.654 158.888 159.249 159.382 159.464 159.724 160.272 160.693 160.847 161.252 161.302 161.396 161.43 161.765 161.821 162.28 162.332 162.605 163.282 163.616 164.18 164.463 164.562 164.756 164.887 165.131 165.134 165.216 165.643 165.873 166.117 166.246 166.523 166.754 167.424 167.655 167.727 168.175 168.414 168.655 169.238 169.317 169.44 169.67 170.255 170.583 170.764 170.921 171.462 171.532 171.771 171.8 172.544 172.94 173.348 173.72 174.074 174.542 175.199 175.29 175.46 175.866 176.134 176.185 176.516 176.663 177.266 177.726 178.316 178.805 179.403
#
Chords:
4.10797 11.002 15.7401 17.7981 23.2103 27.7518 33.183 34.81 36.4117 38.179 40.5969 44.6181 45.9206 52.0909 55.8196 57.2486 62.6139 66.8141 71.0679 78.7719 81.6794 89.4008 93.8993 100.687 107.668 111.868 115.321 116.607 123.889 129.645 132.025 137.829 143.911 149.973 157.525 163.427 170.724 173.543 174.802
#
Structure:
3.02206 14.2074 17.5217 28.8471 32.7041 34.4326 34.6493 41.3118 44.4414 68.4235 70.3605 77.3572 77.5251 94.0243 95.7046 111.815 114.916 129.326 129.504 159.431 162.04 170.866
#
