RandomSegments:
0.72096 2.05552 5.4627 8.05856 10.1786 13.9769 17.0743 18.0655 20.8733 22.0737 25.2097 25.6248 28.7162 30.7757 34.0749 35.4709 39.1356 42.145 43.0325 43.5041 46.8504 50.2984 51.1961 52.0321 54.7838 57.1672 59.0581 62.4544 66.2926 70.2544 74.1796 76.1187 76.9326 77.7341 79.3986 79.9626 80.4157 82.7282 84.3619 87.4463 88.1514 91.2808 92.1118 95.7608 98.4015 101.637 104.304 106.594 109.719 110.528 114.272 114.917 117.472 120.236 121.779 123.342 124.306 127.922 128.851 129.995 132.008 135.566 138.515 139.13 141.003 142.57 144.502 145.19 146.245 147.355 151.308 153.44 154.769 156.077 159.965 161.031 164.666 168.363 169.081 171.8 174.224 177.975
#
Onsets:
5.129 8.211 9.89 10.097 10.856 11.086 12.42 13.961 15.295 16.606 17.802 25.852 26.795 39.629 41.538 53.291 53.774 54.004 54.257 56.166 56.649 57.132 57.845 58.098 68.08 70.564 71.277 74.405 74.773 81.719 85.905 98.762 98.854 98.992 99.107 99.337 99.567 99.705 99.958 103.293 103.523 103.753 104.144 112.654 112.999 113.137 113.367 114.425 114.563 114.908 115.046 115.299 115.414 116.127 118.036 120.198 120.313 120.658 120.796 122.245 122.59 122.728
#
Notes:
0.160421 0.831755 0.927628 1.13132 1.46846 1.61229 1.66308 1.92327 2.06059 2.3033 2.7397 3.41003 3.66123 4.13368 4.28237 4.37343 4.77371 5.56722 5.65943 5.8548 6.27556 6.3979 6.45256 6.82552 7.08729 7.12667 7.44378 7.54537 7.64731 8.3771 8.70474 8.91835 8.95561 9.53739 9.55404 9.83666 9.8798 9.94804 10.0298 10.1855 10.3499 10.8857 11.2064 11.6623 11.7977 11.9243 12.2642 12.7442 13.1286 13.7871 14.0051 14.3211 14.4462 14.9333 15.3832 15.3912 15.878 16.6548 16.9083 17.0962 17.4859 17.6894 17.7521 17.9579 18.0731 18.7892 19.0774 19.6567 19.9323 20.1119 20.2853 20.4722 20.6094 20.7371 21.0585 21.6932 22.1914 22.6381 22.8632 23.0782 23.154 23.5716 23.9467 24.2349 24.34 24.6819 24.9568 25.0644 25.1676 25.9417 26.3836 26.9001 26.9014 27.6885 27.9103 28.4493 28.5472 28.8435 29.3378 29.4298 29.467 30.1326 30.2312 30.2742 30.5379 31.1597 31.2169 31.2532 31.4121 31.5136 31.9384 32.4553 32.7663 33.0219 33.3643 33.937 34.0584 34.2956 34.4183 34.842 35.0437 35.6408 36.0871 36.267 36.5304 36.8422 37.3383 37.8343 38.2892 38.7586 38.8676 39.6124 39.9584 39.9973 40.2685 40.6068 40.6236 41.3702 41.4076 41.8235 42.2755 42.3606 42.5609 42.8919 43.0841 43.7661 44.0555 44.6114 45.0613 45.7094 45.9368 45.9697 46.1078 46.4446 46.6658 47.0614 47.08 47.6142 47.8313 48.1161 48.5371 48.8447 49.342 49.5281 49.7639 50.5012 50.7468 50.9587 51.0944 51.4494 51.6117 51.6649 51.8924 52.409 52.8628 53.1906 53.2778 53.409 53.6855 53.8343 54.2165 54.5911 55.0549 55.592 55.6263 56.035 56.1474 56.6531 56.7779 57.5135 57.8709 58.1094 58.6063 58.6142 59.0288 59.6184 59.8745 60.1979 60.4145 60.9427 61.0675 61.4932 61.7156 61.8686 62.2201 62.8598 63.0875 63.5904 63.7197 64.2828 64.5372 65.1247 65.3502 65.8924 66.2394 66.7023 66.9798 67.7338 68.0892 68.467 68.9228 69.0453 69.0749 69.09 69.5388 69.6313 69.6383 70.2922 70.7642 71.049 71.0688 71.7453 71.9994 72.6613 73.0602 73.1056 73.3111 73.7344 73.9397 74.1165 74.3342 74.5963 74.6606 75.094 75.3967 75.9976 76.0306 76.0927 76.1134 76.1516 76.2287 76.6328 77.0335 77.26 77.7473 77.945 78.2536 78.8618 79.1732 79.5759 80.0399 80.4745 80.6058 80.7767 80.8364 81.1282 81.392 81.7772 81.9635 82.5252 82.7356 83.1306 83.1476 83.3853 83.824 84.1962 84.6487 85.3745 85.6927 86.2043 86.3869 86.8391 87.1337 87.836 88.2004 88.3043 88.4291 89.1232 89.4969 89.8243 90.0792 90.4638 90.7925 91.3024 91.4706 91.7214 92.064 92.5329 92.8125 93.5647 93.7716 93.8451 94.0528 94.7808 95.2383 95.4628 95.9626 95.978 96.0068 96.2242 96.364 97.0769 97.5241 98.036 98.4518 98.7662 99.0338 99.37 99.8467 100.584 100.792 101.538 101.694 101.767 101.945 102.119 102.507 103.187 103.357 103.629 103.928 104.38 104.575 104.878 105.18 105.251 105.486 105.768 106.03 106.329 106.73 107.431 107.506 107.999 108.264 108.922 109.161 109.569 109.615 110.245 110.464 110.949 111.088 111.576 111.799 112.066 112.205 112.819 113.007 113.556 113.931 114.633 114.7 114.813 114.909 115.028 115.267 115.912 116.224 117.019 117.146 117.43 117.886 118.412 118.755 119.359 119.709 119.765 120.219 120.494 120.647 121.263 121.429 121.651 121.912 122.012 122.067 122.756 123.112 123.655 123.763 124.433 124.488 125.179 125.396 125.487 125.855 126.57 126.975 127.771 128.185 128.258 128.649 129.006 129.099 129.467 129.771 130.092 130.276 130.874 131.013 131.547 131.601 132.252 132.529 132.884 133.318 133.772 133.913 134.703 135.189 135.388 135.714 136.099 136.173 136.463 136.737 137.203 137.69 137.7 138.028 138.621 138.656 139.406 139.646 140.274 140.503 140.531 140.986 141.634 141.648 142.147 142.412 143.139 143.371 143.589 143.736 144.352 144.637 144.982 145.346 145.888 146.093 146.637 146.8 147.556 147.618 148.296 148.45 148.692 149.136 149.785 149.959 150.192 150.624 150.812 151.059 151.194 151.491 151.521 151.958 152.268 152.621 153.321 153.515 153.635 153.822 154.143 154.158 154.222 154.427 154.925 155.417 155.861 156.063 156.129 156.209 156.782 157.196 157.353 157.516 158.067 158.312 158.711 158.964 158.999 159.13 159.198 159.58 159.617 159.861 159.886 159.918 160.478 160.956 161.021 161.198 161.304 161.738 162.03 162.291 162.572 162.922 163.28 163.47 164.189 164.373 164.75 164.927 165.277 165.568 166.125 166.624 167.269 167.681 167.837 167.849 168.295 168.716 168.717 169.216 169.638 169.673 170.061 170.221 170.596 171.028 171.215 171.57 171.774 172.274 172.463 172.864 173.441 173.584 174.082 174.09 174.606 174.977 175.594 175.79 176.517 176.636 176.666 176.914 177.22 177.703 178.441 178.483 178.918 179.275 179.998
#
Chords:
1.60416 6.81492 7.55022 8.68058 10.9616 11.8033 17.6172 20.2294 27.5189 31.1604 39.0398 44.7408 50.3739 57.266 64.7263 68.6629 73.7262 77.1954 80.9797 83.3007 84.5732 92.5286 96.906 97.6127 103.775 110.295 114.153 116.257 117.616 121.174 123.643 130.406 132.315 140.117 143.775 145.417 151.717 158.643 159.869 163.495 166.261 172.099
#
Structure:
2.98935 11.3951 13.7176 38.6592 40.962 55.816 59.2288 65.4912 65.5572 94.9301 96.5538 104.513 106.581 107.284 111.143 126.836 130.484 143.143 146.168 175.519
#
