RandomSegments:
3.18055 4.08749 4.66978 5.57559 8.97103 10.3422 11.3293 12.4576 16.2871 19.0123 19.6831 23.4811 27.0684 27.6365 30.2844 32.9684 36.639 39.05 41.8365 43.0674 47.0206 49.0863 49.588 50.8754 51.3261 52.5721 53.59 55.9281 58.8202 62.3897 62.9118 66.8616 68.8023 69.3051 72.1982 74.4983 76.7714 80.7108 84.541 87.643 90.4093 91.0602 93.222 94.3135 97.3101 99.0124 102.773 106.668 109.072 111.945 115.79 118.128 119.149 122.424 124.315 126.332 127.764 129.562 131.205 134.595 136.944 140.843 143.176 143.991 145.953 148.692 152.602 155.099 156.581 157.074 159.857 161.001 162.106 162.658 163.541 164.461 165.485 168.599 169.44 170.346 173.771 175.275 177.965
#
Onsets:
0.184 3.174 8.441 8.602 10.925 11.615 13.386 39.928 42.78 45.609 48.99 96.6 104.742 106.007 106.168 107.939 124.913 130.111
#
Notes:
0.252968 0.322794 0.389203 0.45942 0.492776 1.08681 1.55938 2.31438 2.68417 3.19972 3.47492 4.25766 4.62498 4.95382 5.37815 5.961 6.0765 6.58562 6.66763 6.99078 7.2674 8.05622 8.09739 8.89702 9.37651 9.74364 10.1389 10.8607 11.3329 11.4103 11.4475 11.8657 12.102 12.8391 13.1545 13.942 13.9593 14.265 14.69 15.0092 15.4805 15.5561 15.9192 16.53 16.9148 17.0352 17.0603 17.0644 17.2324 17.8588 18.1296 18.297 18.3727 18.9046 18.9433 19.3914 19.7506 20.2493 20.5852 20.6056 20.9068 20.9494 21.1315 21.385 21.7241 22.3692 22.7058 22.8304 23.0569 23.7317 24.1158 24.4188 24.8582 25.198 25.2087 25.9375 26.2153 26.3143 26.3598 26.4723 26.8389 27.1954 27.2923 27.8714 27.8822 28.1443 28.5064 28.7904 28.8934 29.1404 29.5779 30.0002 30.0435 30.5587 30.7671 31.4267 31.7954 31.9144 32.0596 32.6681 32.7166 32.7586 32.8444 33.4181 33.566 34.0804 34.4114 35.2062 35.5184 36.3053 36.4371 36.8437 37.1202 37.5072 37.903 38.0509 38.4026 38.8855 39.078 39.5155 39.6078 39.9887 40.3722 40.8202 40.9172 41.4973 41.9548 42.1525 42.3003 42.5095 42.9066 42.9973 43.1334 43.4068 43.5634 44.2872 44.7732 45.3043 45.3817 45.9732 45.9936 46.6245 46.9451 47.0553 47.5335 48.064 48.2078 48.9956 49.13 49.5524 49.6543 50.4178 50.6419 51.4363 51.9341 52.2769 52.4044 52.8508 53.0123 53.3664 53.3812 53.6719 54.0609 54.6091 55.017 55.3765 55.4905 55.561 55.9196 56.1657 56.3099 56.3371 56.5365 56.5399 56.579 57.151 57.2191 57.744 58.2016 58.7398 58.8999 59.334 59.3869 59.4285 59.8398 60.3463 60.5908 61.0684 61.1331 61.7822 62.2253 62.9649 63.2891 63.7527 63.8106 63.8932 63.9413 64.3575 64.7232 64.7795 64.9657 65.2068 65.2729 66.0078 66.4203 66.8215 66.9272 67.3926 67.5506 67.5834 67.6781 68.4415 68.9374 69.3336 69.7322 70.5092 70.5913 70.6522 70.8814 71.429 71.5336 71.9812 72.2967 72.9873 73.4327 74.1861 74.6677 74.7883 74.7949 74.8794 75.0895 75.3381 75.7431 75.9654 75.984 76.4564 76.9449 77.3914 77.6201 78.2093 78.585 78.8269 79.2801 79.8325 80.3071 80.8192 81.2019 81.6012 81.7818 82.5086 82.7059 83.0793 83.2882 83.5147 83.6974 83.7654 84.0295 84.3395 84.7178 85.3321 85.8308 85.9609 86.2971 87.0368 87.5037 88.125 88.4427 88.7655 88.7872 89.4735 89.481 90.1479 90.5121 91.177 91.2488 91.9685 92.1628 92.6728 92.8124 92.876 93.0423 93.5403 93.5755 94.2761 94.3808 95.0761 95.4153 95.4735 95.6545 96.2633 96.3705 96.4105 96.4163 96.46 96.7839 97.331 97.67 97.8645 98.2845 98.9788 99.3508 99.7436 100.175 100.323 100.605 101.345 101.474 102.079 102.098 102.541 102.736 103.385 103.4 103.893 104.163 104.963 105.248 105.736 106.206 106.979 107.091 107.741 107.909 108.109 108.383 108.825 108.968 108.981 108.986 109.009 109.432 109.952 110.117 110.88 111.262 111.866 112.171 112.799 113.246 113.717 113.795 114.486 114.948 115.311 115.527 115.684 115.753 115.819 115.826 115.992 116.144 116.59 117.082 117.241 117.441 118.062 118.378 119.042 119.198 119.203 119.665 119.979 120.044 120.501 120.793 120.912 121.042 121.177 121.298 121.717 122.202 122.91 123.177 123.531 123.782 124.114 124.391 124.849 125.09 125.51 125.807 126.42 126.77 127.011 127.277 127.661 128.148 128.301 128.712 129.088 129.201 129.516 129.743 130.141 130.364 130.853 131.264 131.571 131.908 132.473 132.911 133.036 133.378 133.609 133.855 134.319 134.575 135.187 135.407 136.098 136.332 137.04 137.483 138.119 138.541 138.784 139.183 139.287 139.733 139.909 140.009 140.38 140.536 140.997 141.324 141.657 142.074 142.799 143.241 143.542 143.597 143.839 144.314 144.797 145.061 145.539 145.98 146.753 146.818 147.002 147.085 147.157 147.296 147.995 147.996 148.169 148.285 148.548 148.917 149.334 149.477 150.066 150.259 150.422 150.741 151.227 151.536 151.635 151.942 152.538 152.613 152.809 153.037 153.477 153.948 154.503 154.634 155.248 155.294 155.852 156.008 156.16 156.579 156.728 156.912 157.201 157.492 157.775 157.844 158.483 158.655 159.402 159.681 160.301 160.568 160.96 160.985 161.141 161.374 161.777 161.972 162.433 162.695 163.111 163.299 163.857 164.034 164.165 164.631 165.359 165.376 165.599 165.998 166.545 166.841 167.629 167.87 168.17 168.571 169.32 169.631 170.26 170.578 171.024 171.222 171.642 171.802 172.228 172.316 172.879 173.058 173.334 173.352 173.356 173.581 173.688 173.848 174.366 174.728 175.251 175.684 175.918 175.996 176.493 176.545 176.867 177.167 177.351 177.673 177.749 177.93 178.013 178.274 178.295 178.627 179.016 179.4 179.667
#
Chords:
1.66596 2.95494 8.58708 9.85981 14.5313 15.3064 20.8349 23.2692 26.6654 32.8553 37.7193 39.3663 41.5861 45.061 52.384 54.4704 59.6528 63.2089 67.9479 71.1094 74.1844 77.4412 82.7412 85.8334 89.9757 92.8582 97.0824 98.6445 103.206 105.173 110.137 110.941 112.065 115.479 123.201 130.426 132.722 140.231 146.074 148.012 153.08 156.632 160.989 163.287 169.564 170.148 173.893
#
Structure:
2.67513 15.5936 16.9484 34.0015 37.6542 55.3272 57.3072 65.8347 69.7194 85.3103 86.22 86.2383 88.7274 105.001 105.4 134.018 137.509 167.292 169.468 170.517
#
