RandomSegments:
2.86991 3.17183 4.41639 5.58338 8.78313 9.18329 9.7395 12.946 13.7242 14.2364 16.6982 17.0088 18.9726 20.7503 24.6995 26.8463 30.4597 31.26 34.9932 35.7349 36.115 39.4831 41.7412 44.1295 44.5881 46.3174 50.0484 51.7067 52.1129 52.755 54.0925 56.258 57.2766 58.9367 61.583 63.4498 67.2371 68.509 70.8609 74.0051 77.3223 78.4824 82.2453 84.7013 85.0351 86.1294 89.7126 91.0138 93.5699 95.8939 96.5901 97.2734 98.3369 101.425 104.124 106.442 106.88 109.887 111.98 112.954 114.458 116.122 119.308 121.592 125.443 126.211 127.508 129.837 130.797 133.364 136.104 136.421 138.238 141.071 143.038 145.895 149.635 150.323 150.953 153.341 155.439 156.801 160.275 163.178 165.527 166.422 168.229 169.8 171.474 174.308 175.853 178.951
#
Onsets:
5.359 6.946 34.04
#
Notes:
0.0226753 0.605847 0.740007 1.12305 1.1552 1.19431 1.29211 2.07837 2.50479 2.75047 3.23718 3.81366 3.93381 4.65286 4.78601 5.30453 5.3094 5.3271 5.49577 6.21777 6.45339 6.52021 6.74942 7.30615 7.50829 8.30409 8.62542 8.82013 9.27058 9.88605 10.1263 10.4298 10.4998 10.7591 10.9395 10.9555 11.268 11.9816 12.4102 12.513 12.9705 13.7319 14.0132 14.2825 14.4735 14.5397 14.6156 15.3215 15.3341 15.8533 16.33 16.3448 16.7802 17.3555 17.7625 18.1994 18.6966 18.801 19.0674 19.574 19.9193 19.9996 20.3257 20.7837 21.1971 21.4318 21.8719 22.3789 22.8329 23.4322 23.8982 24.4337 24.8772 25.3404 25.3731 25.8756 26.0001 26.6687 26.7176 27.2232 27.4249 27.795 27.8861 28.5061 28.9631 29.5475 29.6084 29.8476 30.1462 30.1989 30.4541 30.6956 30.7061 31.2492 31.4864 31.9951 32.2132 32.9295 33.0794 33.2001 33.535 34.0164 34.3789 35.1314 35.1383 35.7029 35.7934 36.3909 36.7089 36.7266 37.1073 37.2489 37.5253 37.9158 38.0157 38.7305 39.0731 39.1653 39.4853 39.8295 39.8472 40.314 40.553 41.1862 41.4438 42.1516 42.1802 42.5726 42.7999 43.5364 43.7857 43.933 44.0944 44.4648 44.6884 45.1355 45.4832 45.7872 45.7948 46.2955 46.7929 47.2231 47.5754 47.639 47.6582 47.8831 48.1773 48.8793 49.3416 50.0629 50.3294 50.8872 51.0309 51.8284 52.2006 52.5412 52.7676 52.871 53.079 53.3503 53.6126 54.1653 54.5462 54.648 55.1157 55.4174 55.5254 55.8626 56.1072 56.2522 56.2922 57.0754 57.2918 57.5394 57.7379 57.8839 58.1742 58.9174 59.0857 59.0947 59.1091 59.2289 59.6645 59.775 60.0192 60.14 60.1524 60.3997 60.7846 61.4689 61.7055 62.2375 62.4604 62.5071 62.8977 63.0222 63.1382 63.4738 63.5015 64.0678 64.1218 64.2977 64.4446 64.6859 65.0429 65.2796 65.3863 65.8744 65.9029 65.9429 66.3624 66.6509 66.6764 67.4368 67.7527 67.8105 68.2755 68.6132 68.8335 69.0957 69.1246 69.554 69.5824 69.7691 69.8557 70.1818 70.5091 70.6892 70.9865 71.5438 71.9914 72.6936 72.9043 73.0147 73.5051 74.2015 74.3309 74.7198 74.9376 75.552 75.8024 76.4374 76.8859 77.5037 77.854 78.1949 78.5436 78.6243 78.6538 79.2282 79.4876 79.6067 79.8895 80.4324 80.8833 80.9553 81.3646 81.8876 82.3307 82.3895 82.4196 82.6969 82.9826 83.521 83.7484 83.8352 84.2711 84.8658 84.9374 85.6583 85.7839 86.0582 86.1092 86.7822 87.141 87.8406 88.012 88.5963 89.025 89.1096 89.3496 89.731 89.8281 90.0048 90.1035 90.7573 91.0818 91.5319 91.8566 92.0512 92.2444 92.42 92.5811 93.0122 93.4254 93.5183 93.7135 94.3821 94.4339 95.0415 95.0916 95.5658 95.9429 96.1851 96.2883 96.612 97.0691 97.1305 97.6303 97.6687 98.0723 98.2727 98.7489 99.284 99.687 100.306 100.563 100.979 101.402 101.61 101.655 101.778 102.014 102.784 103.15 103.528 103.683 104.092 104.375 104.819 104.929 105.36 105.62 106.135 106.608 107.325 107.483 107.665 107.919 108.374 108.549 109.025 109.099 109.883 110.079 110.715 110.766 111.42 111.787 112.096 112.568 112.625 112.986 113.701 114.134 114.443 114.589 114.894 115.182 115.536 115.774 115.802 115.886 116.274 116.495 116.632 116.997 117.521 117.566 118.033 118.494 118.754 119.116 119.611 119.807 119.822 120.258 120.969 121.085 121.202 121.565 121.603 121.755 121.89 122.029 122.434 122.782 123.062 123.396 123.818 123.86 124.483 124.869 125.326 125.48 126.101 126.389 126.643 127.103 127.417 127.587 127.812 128.307 128.384 128.443 128.761 129.234 129.534 129.845 130.256 130.634 130.9 130.913 131.042 131.139 131.141 131.469 131.917 132.167 132.567 132.655 132.819 132.921 133.453 133.583 134.378 134.577 134.882 135.019 135.228 135.347 135.505 135.526 136.049 136.525 136.86 136.947 137.14 137.209 137.478 137.491 138.101 138.422 139.006 139.413 139.752 140.144 140.392 140.842 140.968 141.078 141.285 141.682 142.274 142.378 142.804 143.255 143.786 144.09 144.125 144.402 144.569 144.723 145.08 145.24 145.698 145.924 146.408 146.507 146.901 146.996 147.375 147.687 147.898 148.027 148.408 148.876 149.321 149.398 149.48 149.589 150.337 150.437 151.106 151.181 151.57 151.71 151.781 152.191 152.569 152.826 153.058 153.098 153.421 153.751 154.386 154.615 154.965 155.234 155.839 155.912 156.329 156.448 156.957 157.015 157.155 157.346 157.735 158.18 158.433 158.576 159.118 159.605 159.65 159.748 159.922 160.189 160.857 161.107 161.369 161.513 162.188 162.234 162.577 162.669 162.76 163.125 163.268 163.716 163.858 164.194 164.792 165.111 165.696 165.855 166.621 166.799 166.945 167.045 167.414 167.828 168.22 168.255 168.745 169.086 169.261 169.445 169.582 170.026 170.19 170.622 171.04 171.408 171.994 172.36 172.798 173.221 173.734 174.168 174.821 174.937 175.141 175.499 175.69 176.161 176.608 176.797 177.477 177.652 178.06 178.209 178.914 179.195 179.909
#
Chords:
3.10887 4.06207 11.456 15.7329 18.6236 23.001 26.8293 29.1377 31.0593 36.0714 38.4991 39.9394 47.8543 52.6844 53.375 56.0504 59.6628 64.2641 67.3278 73.4828 77.8833 82.3744 83.7089 87.1229 90.8509 94.5867 97.3811 103.714 107.159 107.724 112.878 116.202 123.624 128.422 129.368 136.436 139.472 143.754 151.654 153.476 157.41 160.001 165.524 172.641
#
Structure:
2.77352 28.5134 29.8461 42.272 45.915 73.6499 76.4776 88.1171 89.1613 100.816 103.933 126.389 128.529 135.619 135.69 145.115 145.571 155.005 156.648 157.752 161.322 166.944
#
