RandomSegments:
3.55792 5.42817 8.68404 10.3798 13.9217 14.8113 15.2007 17.8091 20.8098 23.8227 24.6746 28.5016 32.1199 35.9901 38.7511 41.0781 42.7064 46.0359 47.9889 51.914 53.3722 55.4009 56.4055 56.7777 58.4375 61.7834 63.7147 66.5379 66.9542 67.9949 69.1712 71.0029 74.1698 75.4136 79.0687 82.4468 84.3851 87.9067 88.3806 92.0591 93.4869 94.282 95.3661 95.8493 98.0712 98.6134 100.204 103.718 105.115 106.374 108.553 109.698 111.988 112.597 116.075 117.451 118.634 121.176 123.496 124.114 125.995 129.598 131.42 133.43 137.172 140.591 141.334 144.744 147.783 148.867 151.806 154.596 155.881 159.803 160.585 160.925 162.16 165.119 168.084 168.714 171.404 172.185 173.516 175.081 176.067 177.773
#
Onsets:
0.322 22.586 25.024 26.151 27.922 43.953 46.391 48.185 56.396 70.633 72.427 73.094 76.659 77.533 84.663 93.104 96.669 107.341 107.456 107.985 109.112 122.935
#
Notes:
0.368603 0.37644 0.58479 0.889438 1.31815 1.35882 1.81425 2.27796 2.5867 2.98647 3.47676 3.7256 3.74217 3.84454 4.02179 4.62882 5.10099 5.69522 5.76086 6.21422 6.26397 6.71029 7.10586 7.44967 7.70374 8.31367 8.62119 8.98943 9.22267 9.27665 9.36117 9.65 9.73191 10.1426 10.1471 10.8958 11.0331 11.2866 11.4176 12.1936 12.4157 12.4491 12.5696 12.5778 12.6134 13.311 13.6863 13.748 13.8971 14.1133 14.2306 14.9024 15.2075 15.8494 16.0646 16.2923 16.7694 17.0962 17.4349 17.7636 18.1531 18.8761 19.1477 19.9321 20.3862 21.1764 21.635 22.3213 22.6452 23.0818 23.1988 23.9729 23.9915 24.4087 24.8984 25.2209 25.5447 25.6602 25.727 26.3007 26.7195 27.3518 27.7087 28.448 28.8822 29.0901 29.1227 29.321 29.715 30.3168 30.3484 30.4637 30.7073 30.9628 31.4011 31.905 32.3242 32.3866 32.6149 32.9748 33.1336 33.9051 34.1035 34.1945 34.2057 34.454 34.6197 34.8851 35.128 35.1467 35.4062 36.1135 36.2116 36.7323 37.12 37.4808 37.5961 37.6843 37.8875 38.2384 38.6892 38.9838 39.133 39.3971 39.8128 40.4894 40.902 41.3759 41.5531 42.2209 42.5832 43.1201 43.4484 44.0129 44.3136 44.3983 44.6771 44.8258 44.933 45.1686 45.339 45.7341 45.8354 46.587 46.8569 47.3416 47.5451 48.1112 48.1536 48.5054 48.7279 48.8342 49.1932 49.3827 49.7283 49.9648 50.0057 50.7421 50.9049 51.1511 51.3446 51.9171 52.2167 52.3262 52.3604 53.0075 53.4973 54.1355 54.3012 54.5668 54.7302 55.0867 55.5865 55.9437 56.3246 56.6457 56.928 57.5806 57.7692 58.2795 58.7046 58.8973 59.124 59.734 59.8298 60.4261 60.5915 60.6097 60.8801 61.5903 61.8881 62.1858 62.385 62.8521 63.2221 63.3173 63.8111 63.9869 64.4593 64.6187 64.9006 65.1716 65.2458 65.7228 65.8624 66.4053 66.4328 67.1878 67.437 68.1149 68.2329 68.9062 69.3947 69.7244 70.2175 70.9497 71.3538 71.9033 71.9469 72.0677 72.3382 73.1365 73.2039 73.6339 73.8249 74.3924 74.6861 75.1225 75.5627 76.1948 76.2905 76.6721 76.675 76.8369 77.3071 77.4776 77.4921 78.2067 78.318 78.6354 78.6856 79.2243 79.3817 79.8415 80.3152 80.922 81.3611 81.6298 81.9219 82.1305 82.4367 83.2168 83.4406 83.7663 84.128 84.6979 85.1292 85.7438 85.9254 85.926 86.0479 86.2703 86.618 87.3805 87.8507 88.1111 88.4834 88.8193 88.8837 89.444 89.7866 90.3844 90.7148 91.2533 91.6164 92.216 92.353 93.146 93.269 94.0089 94.0429 94.1011 94.2707 94.6281 94.9561 95.0987 95.3105 96.0797 96.5276 97.2017 97.2372 97.8172 98.1206 98.3986 98.7556 98.8409 98.9313 99.3449 99.5373 100.334 100.579 101.071 101.144 101.255 101.255 101.761 101.943 102.69 102.941 103.523 103.767 104.358 104.527 104.635 104.876 105.015 105.311 105.536 105.825 106.23 106.264 106.601 106.848 107.34 107.605 108.06 108.453 108.911 108.947 109.741 109.974 110.275 110.303 110.351 110.645 111.339 111.576 112.169 112.621 112.905 113.007 113.4 113.541 114.334 114.338 115.031 115.048 115.383 115.742 116.213 116.619 117.197 117.447 117.766 117.866 118.045 118.346 118.682 119.047 119.16 119.405 119.703 119.889 120.413 120.812 121.105 121.243 121.556 122.038 122.518 122.918 123.631 124.126 124.696 124.99 125.032 125.139 125.211 125.598 125.682 125.941 126.649 126.663 126.779 127.199 127.259 127.527 128.136 128.359 128.586 128.909 129.519 129.941 130.488 130.625 131.087 131.45 132.06 132.438 132.696 133.139 133.307 133.453 133.519 133.767 134.349 134.673 135.03 135.348 135.377 135.508 136.151 136.41 137.095 137.303 137.673 137.807 137.936 138.249 138.322 138.681 139.04 139.499 139.929 139.964 140.254 140.313 140.754 141.189 141.505 141.933 142.275 142.368 143.155 143.354 143.45 143.646 144.269 144.761 145.446 145.683 145.957 146.374 146.976 147.108 147.187 147.408 147.826 148.074 148.687 148.88 149.469 149.519 149.607 149.711 150.294 150.614 150.811 151.128 151.636 151.788 152.034 152.377 152.88 153.051 153.642 154.101 154.786 154.974 154.985 155.187 155.281 155.513 155.557 155.861 156.532 156.705 156.791 157.22 157.481 157.866 158.195 158.445 159.145 159.3 159.597 159.828 160.428 160.705 161.173 161.339 161.776 161.838 162.202 162.518 162.525 162.708 163.263 163.48 164.116 164.208 164.599 165.093 165.276 165.712 166.207 166.453 166.938 167.125 167.361 167.707 167.731 168.163 168.182 168.404 168.677 168.724 168.915 169.368 169.507 169.68 169.701 169.955 170.482 170.711 171.269 171.453 172.097 172.493 172.88 173.034 173.112 173.4 173.532 173.584 173.854 174.104 174.818 174.899 175.106 175.603 176.38 176.508 177.27 177.311 178.058 178.294 178.794 178.909 179.411 179.433 180.018
#
Chords:
2.95025 9.67763 13.2951 16.1934 18.7983 26.1755 29.1935 36.7702 40.9148 44.3085 50.2947 52.1383 52.7916 57.2603 62.6258 67.791 71.284 74.7733 80.1033 87.865 95.3887 98.4488 101.205 102.385 107.711 115.24 119.827 125.719 128.56 131.808 137.288 137.815 145.425 151.481 155.278 161.385 163.399 167.123 169.84 174.714
#
Structure:
3.21458 18.1198 20.7903 41.1559 44.1556 65.055 66.8717 86.536 87.8508 114.294 117.472 146.731 147.81 165.348
#
