RandomSegments:
1.78386 2.15636 3.37562 6.28924 7.34839 10.1372 10.9328 12.6862 14.7862 17.6747 20.7971 22.6165 25.2105 25.6451 28.3269 31.5249 33.2612 34.5956 37.3223 38.9825 40.1539 42.4792 44.9599 48.4352 50.1569 53.2591 55.1806 57.4545 60.411 62.9349 65.4581 66.7902 70.1937 74.1841 76.8716 80.5607 81.6176 83.0479 86.2908 87.9572 91.0427 91.6344 94.8708 97.772 101.463 104.137 105.537 107.899 109.826 111.117 113.133 113.495 117.117 118.332 121.896 123.83 125.341 127.917 130.092 131.474 135.02 138.391 141.455 143.539 147.099 148.063 149.754 151.099 152.356 153.391 155.186 156.665 159.396 162.932 165.396 168.231 169.388 173.118 176.01 178.934
#
Onsets:
0.529 0.966 3.979 5.198 5.267 6.187 9.039 9.407 11.109 12.995 15.088 16.445 18.124 18.285 21.62 21.827 23 23.736 25.99 26.979 27.232 29.417 29.601 29.785 30.291 31.533 34.224 35.144 37.076 39.146 40.411 41.4 42.665 43.079 43.378 43.769 44.16 44.459 44.574 44.85 45.241 45.563 46.345 46.644 46.759 47.035 49.91 51.014 51.129 51.405 51.819 53.59 54.671 56.465 57.684 57.96 61.64 63.825 99.843 105.294 109.664 112.746 114.034 118.404
#
Notes:
0.47058 0.701447 0.900534 0.911301 1.22918 2.00008 2.04929 2.63407 2.65713 3.45 3.6493 3.81579 4.26851 4.4841 4.8885 5.52694 5.52908 5.83056 5.95345 6.1916 6.5965 7.26683 7.69511 8.17718 8.24022 8.45488 8.56023 8.76377 8.80209 9.24368 9.44035 9.67022 9.76544 10.3317 10.3466 10.57 11.0064 11.4884 11.8747 11.8864 11.9075 12.0391 12.1809 12.7129 12.8201 13.026 13.1464 13.8603 14.2679 14.961 15.1619 15.7894 15.7904 16.3958 16.523 16.5425 16.932 17.1381 17.283 17.4465 17.7869 18.052 18.2623 18.8119 19.2183 19.6823 19.9751 20.7134 20.976 21.255 21.2869 21.7898 22.041 22.5056 22.7736 23.3602 23.6353 24.1001 24.3089 24.7065 25.1377 25.4128 25.6639 26.2337 26.2563 26.737 26.9573 27.2682 27.6107 27.8084 27.8528 28.519 28.8867 29.1265 29.2556 29.6758 29.9316 29.9678 30.4156 30.9783 31.2612 31.6882 31.8024 31.8462 31.9618 32.0219 32.4718 32.8157 32.8718 33.5855 33.9026 34.6838 34.8351 35.3067 35.5349 36.0192 36.327 36.8009 37.3004 37.4543 37.7554 37.9258 38.3907 38.7285 39.0503 39.4497 39.4642 40.0101 40.4584 40.8779 41.3515 42.0802 42.2672 42.4832 42.5724 43.2171 43.6873 44.2985 44.4362 44.6787 44.9317 45.4306 45.8514 46.4328 46.5321 47.0643 47.2284 47.6446 48.0423 48.6298 48.7149 49.4864 49.5839 49.9134 50.0594 50.6886 50.7955 51.3983 51.6546 51.7105 51.9522 52.5282 52.9693 53.2631 53.6305 53.9917 54.2329 54.5739 54.6973 54.7334 55.0936 55.4392 55.8111 56.6025 56.9267 57.0662 57.3259 58.0572 58.2267 58.2616 58.298 58.9472 59.3728 59.5842 59.6011 59.9069 60.3122 60.5285 60.8591 61.3927 61.4654 61.9694 62.3166 62.8091 62.8094 63.1493 63.5694 64.1719 64.3547 64.7475 65.0849 65.5628 65.7865 66.1285 66.2503 67.0381 67.1968 67.8193 67.8893 68.6576 69.0906 69.3259 69.4974 69.8088 70.1059 70.6526 70.9504 71.7055 71.8436 72.4438 72.7473 73.2482 73.2575 73.5271 73.956 74.337 74.7155 75.49 75.6339 76.1389 76.4933 76.9792 77.306 77.6108 78.0238 78.3687 78.7838 79.0929 79.4777 79.4994 79.9205 80.4881 80.7093 81.4465 81.8999 82.5514 82.8561 83.5311 83.6627 83.8207 84.139 84.6457 84.6853 85.3234 85.764 85.9206 86.0247 86.7032 87.0848 87.4145 87.4555 87.7141 87.7389 88.0691 88.329 88.8391 89.0299 89.1228 89.4897 90.0917 90.3823 90.736 90.8928 91.1714 91.5505 91.6355 91.8712 92.0436 92.4244 92.7437 92.9067 93.3268 93.8246 94.5117 94.7673 94.8715 94.9402 95.1344 95.5776 96.0243 96.418 96.9807 97.2973 97.9757 98.2664 98.7278 98.9857 99.6974 100.096 100.645 100.941 101.278 101.771 102.231 102.305 102.581 102.91 103.359 103.435 103.836 104.122 104.15 104.64 105.112 105.418 106.135 106.507 106.79 107.214 107.65 108.12 108.693 109.07 109.325 109.704 109.709 109.786 110.426 110.821 111.574 112.028 112.731 112.954 113.366 113.801 113.809 114.232 114.59 114.664 115.087 115.319 115.61 115.721 116.093 116.256 116.525 116.978 117.576 117.587 118.37 118.735 118.898 119.058 119.626 119.997 120.213 120.553 120.855 120.992 121.642 121.841 122.543 122.899 123.666 124.041 124.787 125.177 125.466 125.873 126.424 126.615 127.242 127.411 127.63 127.9 128.251 128.438 129.231 129.454 130.209 130.709 130.947 131.026 131.302 131.748 131.918 132.412 132.488 132.501 132.762 132.813 133.117 133.267 133.319 133.498 134.078 134.256 134.543 135.002 135.22 135.403 135.706 136.044 136.551 136.603 136.99 137.001 137.589 137.606 137.655 138.136 138.576 138.943 139.252 139.331 139.438 139.646 139.786 140.229 140.922 141.339 142.135 142.365 142.6 142.783 142.903 142.98 143.386 143.648 143.854 143.925 144.263 144.622 144.711 144.962 145.694 145.944 145.968 146.374 146.504 146.57 146.837 147.006 147.134 147.481 147.557 147.766 148.376 148.658 149.325 149.817 149.966 150.237 150.485 150.895 151.201 151.383 151.435 151.715 151.848 152.31 153.01 153.492 153.909 154.407 155.015 155.258 156.054 156.391 156.973 157.328 157.778 157.974 158.678 158.987 159.708 160.081 160.131 160.272 160.633 161.093 161.653 162.147 162.298 162.3 163.081 163.238 163.638 164.127 164.141 164.241 164.314 164.632 164.82 165.097 165.341 165.458 165.843 166.05 166.668 166.755 166.893 166.985 167.63 167.854 167.893 168.392 168.736 168.821 169.385 169.759 170.126 170.608 171.065 171.445 171.876 172.111 172.497 172.861 173.289 173.688 174.087 174.509 174.676 174.743 174.861 175.232 175.669 175.853 176.421 176.533 177.078 177.557 178.152 178.322 178.962 179.381 179.76
#
Chords:
3.59458 5.29464 6.11394 13.7804 16.004 22.3789 24.7317 26.9022 30.9694 37.7311 45.2065 46.0462 48.3388 51.1952 57.6578 63.4666 71.3252 74.7726 76.4809 78.8514 80.0634 87.0234 89.4019 95.3531 101.408 107.512 115.166 115.985 123.886 124.513 127.685 131.88 138.312 144.512 151.038 156.737 163.589 169.862
#
Structure:
2.73946 25.4645 25.9934 31.0015 32.1014 54.5288 55.09 67.9444 71.829 77.9202 78.6523 107.146 110.458 118.362 120.09 148.441 150.503 164.865
#
