RandomSegments:
0.804294 1.72004 2.08056 4.15361 4.6467 8.46242 10.2456 11.0192 13.7966 15.9267 17.3892 19.6838 22.2408 23.5451 26.9232 29.1237 32.7036 34.825 35.3758 39.2456 41.3815 43.3643 46.4753 47.8284 51.6261 52.2759 53.4669 55.826 56.9995 57.8438 60.2752 61.5728 63.1631 66.5294 67.3708 70.23 73.2982 75.2277 77.2348 79.592 83.3984 86.6664 88.7488 89.8608 92.6047 96.3206 97.481 101.286 103.696 107.013 110.973 113.05 114.283 117.75 121.067 123.382 124.702 127.229 130.265 132.234 132.607 134.652 136.219 138.2 139.362 140.36 140.827 141.176 144.689 146.477 150.016 152.611 153.745 155.475 159.447 161.037 164.774 165.918 169.006 172.19 175.371 177.164 179.695
#
Onsets:
0.483 10.695 11.546 12.397 14.099 15.801 24.288 29.394 31.096 41.285 44.275 46.368 66.792 78.683 85.491 88.182 95.68 99.084 100.786 109.273 112.677 114.379 116.081 119.485 130.663 132.227 132.641 132.802 136.045 136.482 141.565 149.224 154.33
#
Notes:
0.499008 0.624207 0.906565 1.34313 1.80072 2.26629 2.57571 3.22214 3.52525 4.18043 4.55292 5.04544 5.31214 5.52218 5.97849 6.05516 6.40922 6.56865 6.96861 7.04954 7.25499 7.87293 8.13417 8.25319 8.75275 9.29979 9.3762 10.1653 10.5822 11.0128 11.1691 11.9221 12.3506 12.5401 12.8488 13.4163 13.8415 14.1017 14.2305 14.8222 15.2762 15.838 16.0854 16.7813 16.8566 17.3359 17.5129 17.8105 17.9198 18.1024 18.251 18.2995 18.5841 18.5967 18.6736 19.1719 19.2279 19.8827 19.9301 20.59 20.6974 20.7244 21.1876 21.7892 22.0935 22.1003 22.3448 22.9352 23.0473 23.5697 23.7904 23.9022 24.149 24.6816 24.7862 25.278 25.3488 25.5707 25.7614 25.8063 25.8101 26.5427 26.7108 27.3842 27.8447 28.4076 28.5954 29.0396 29.1216 29.2753 29.3504 30.0171 30.2954 30.4833 30.8131 31.2096 31.5539 31.885 32.186 32.678 32.846 33.5805 33.7614 34.3082 34.6021 34.83 35.036 35.4595 35.8192 36.5455 36.7521 36.8668 37.0364 37.6123 38.0086 38.0635 38.4853 39.249 39.2899 39.6994 40.0535 40.3701 40.7679 41.4331 41.7582 41.7725 41.8393 42.2857 42.3803 42.7218 42.8641 43.3485 43.6687 43.6725 43.9809 44.6426 44.6785 44.8114 45.078 45.537 45.6637 46.1698 46.3067 46.6349 46.7016 46.806 47.0298 47.5472 47.9824 48.317 48.604 49.2756 49.7526 49.7939 50.001 50.7369 50.9587 51.5909 51.7788 51.864 52.2932 52.3354 52.7211 52.9255 53.3003 53.5627 53.668 54.3145 54.556 55.3142 55.7686 56.5601 56.6948 56.7945 56.8914 57.2233 57.7066 58.2411 58.7356 59.3459 59.6916 59.9119 60.1916 60.7245 61.1078 61.7587 61.9062 62.2908 62.3108 62.7034 63.1135 63.1851 63.2356 63.4978 63.5994 63.9134 64.1289 64.7967 65.0733 65.5896 65.5972 65.836 66.2268 66.4659 66.6904 67.1612 67.5663 67.9632 67.9989 68.7068 68.7122 69.4204 69.4963 69.687 69.7626 70.4838 70.8177 71.1106 71.4276 71.5696 71.9196 72.3908 72.5443 72.7337 73.2227 73.4782 73.792 73.8919 74.1965 74.1982 74.4292 74.5403 74.7991 75.5345 75.6844 75.9295 76.2448 76.8523 76.9354 77.5552 77.7236 78.0146 78.0212 78.6316 78.759 79.1993 79.6341 79.8229 80.2408 80.5811 80.8475 81.6113 82.0309 82.1003 82.1414 82.1889 82.2918 82.3933 82.8919 83.5663 83.7481 84.4201 84.4996 85.1957 85.4441 85.8773 86.1365 86.2142 86.6184 87.3419 87.6976 87.8191 87.9732 88.5489 88.7503 89.0915 89.1705 89.9595 90.2797 90.3932 90.4454 91.0364 91.5361 91.5666 91.5819 91.9948 92.3941 93.0736 93.1528 93.8568 93.9429 94.117 94.5829 95.2932 95.4302 95.5913 95.6489 96.3914 96.5909 96.6208 96.6874 97.3446 97.4953 97.7438 97.8371 98.3155 98.5616 98.7118 98.8001 99.4815 99.8795 100.577 101.059 101.127 101.601 102.349 102.35 103.103 103.361 103.905 104.338 104.93 105.389 105.55 105.903 106.077 106.498 106.72 106.815 107.514 107.918 108.538 108.994 109.666 109.765 110.337 110.752 111.293 111.543 112.055 112.446 113.233 113.27 113.639 113.921 114.139 114.239 114.585 114.906 115.671 116.019 116.345 116.35 117.071 117.524 117.547 117.664 118.01 118.163 118.179 118.279 118.441 118.702 118.893 119.197 119.853 119.888 120.377 120.753 121.282 121.559 122.084 122.384 122.985 123.296 123.875 124.226 124.343 124.583 125.065 125.558 126.108 126.216 126.748 127.218 127.685 128.044 128.213 128.326 128.859 129.114 129.226 129.362 129.981 130.089 130.6 131.019 131.144 131.64 131.659 131.72 131.956 132.296 132.612 132.819 132.862 133.356 133.563 133.984 134.443 134.654 135.29 135.408 136.043 136.216 136.915 137.238 137.276 137.693 138.132 138.401 138.868 139.224 139.322 139.42 139.797 140.038 140.411 140.603 141.217 141.438 142.048 142.433 142.71 143.121 143.351 143.434 143.693 143.757 144.112 144.161 144.529 144.813 145.325 145.697 146.067 146.456 146.638 147.033 147.493 147.817 147.911 148.006 148.311 148.598 148.787 148.993 149.168 149.571 149.968 150.053 150.142 150.297 150.63 150.717 151.211 151.621 151.668 152.142 152.558 152.763 153.113 153.233 153.826 154.007 154.049 154.06 154.391 154.688 155.256 155.595 155.984 156.212 156.433 156.611 157.24 157.319 157.745 157.757 158.528 158.824 159.448 159.592 159.729 160.174 160.458 160.695 161.449 161.662 162.224 162.233 162.343 162.645 162.789 163.137 163.444 163.521 163.704 164.069 164.789 164.937 165.002 165.141 165.243 165.475 166.006 166.189 166.237 166.706 167.378 167.772 168.323 168.395 168.917 169.41 169.782 170.221 170.804 171.039 171.186 171.335 171.736 172.126 172.287 172.727 173.043 173.321 173.627 173.729 174.241 174.591 175.153 175.545 176.25 176.358 177.063 177.451 177.613 177.967 178.76 179.157 179.777
#
Chords:
3.72321 7.76481 14.2461 16.7697 21.6926 27.2544 27.8938 32.0547 33.9243 37.9859 45.3534 51.9011 56.1405 62.7818 68.5165 76.1326 82.695 83.6667 86.3529 91.7541 98.627 103.916 111.67 119.016 124.993 129.016 134.865 142.726 147.178 149.921 157.038 161.739 164.969 169.804 171.397 172.32 174.706 175.79
#
Structure:
1.08597 18.1492 21.5135 22.8036 24.1909 33.4179 35.4399 37.868 38.3398 50.4563 53.6329 55.507 59.0711 63.6534 66.3801 95.8967 97.5599 115.205 118.065 140.789 143.973 155.331 157.138 172.801
#
