RandomSegments:
3.90673 7.22312 10.6557 14.0992 17.2971 21.1242 23.7754 24.8029 27.4516 30.0486 31.3282 33.5392 36.5818 37.0107 37.4117 39.9297 41.0672 44.4759 46.4065 46.8453 48.5485 50.605 53.773 56.9108 59.6201 61.0437 62.3714 64.5922 68.3282 72.0548 75.5974 78.9899 79.7047 82.0864 84.7613 88.0403 90.3148 94.052 97.2854 98.2307 99.4281 101.587 103.816 107.802 110.665 113.134 115.001 117.02 120.501 121.099 124.407 125.059 126.559 128.204 131.102 134.766 136.341 137.346 140.349 143.516 145.517 145.877 149.212 151.595 154.281 156.985 160.4 161.715 164.079 166.747 167.32 170.548 174.191 175.647 178.641
#
Onsets:
1.288 1.495 1.84 1.955 2.162 2.392 2.714 3.059 3.266 3.611 3.933 4.14 4.485 4.807 5.014 5.359 5.704 5.911 6.141 6.256 6.578 6.785 7.13 7.245 7.452 7.659 8.004 8.464 9.223 9.43 9.775 9.89 10.097 10.327 10.649 10.971 11.178 12.42 12.742 12.972 13.294 13.616 13.846 14.053 14.72 15.502 15.824 16.261 16.491 16.928 17.595 18.584 18.699 19.366 19.803 19.987 21.114 21.551 22.425 22.885 23.115 23.299 23.989 24.426 25.093 25.53 26.634 27.071 27.508 27.738 27.945 28.175 28.612 28.819 29.279 30.153 30.383 30.59 31.257 31.487 31.924 32.361 34.776 35.213 35.65 36.754 37.651 38.088 38.525 38.962 39.629 40.71 41.147 41.607 42.044 42.504 42.711 44.459 44.689 45.126 45.563 46.023 46.46 47.564 47.794 48.001 48.208 48.668 49.105 49.542 49.979 51.083 51.75 53.291 54.395 55.499 59.248 59.685 62.537 90.091 107.939 108.813 109.917 110.354 112.125 113.666 114.103 114.54 117.415 121.808 122.245 122.682 124.016 124.453 131.491 133.262 137.678 138.115 138.552 141.197 141.634
#
Notes:
0.223762 0.900345 1.06878 1.74936 2.10638 2.35385 2.48781 3.09403 3.54101 3.58945 3.66904 4.1462 4.64559 4.97268 5.24743 5.92602 6.32082 7.08444 7.32858 7.58039 7.83656 8.24224 8.4445 8.95257 9.43815 10.2305 10.2392 10.783 11.2685 11.4607 11.745 12.5274 12.8577 12.9378 13.0169 13.685 14.0883 14.667 14.9001 15.1355 15.4013 15.7895 16.1087 16.59 16.8625 17.1932 17.504 17.7668 17.9672 18.4011 18.7635 19.4106 19.816 19.8938 20.2402 20.2779 20.5506 21.2823 21.317 21.9191 22.3969 22.4013 22.4677 22.9941 23.3153 23.8491 23.9414 24.5624 24.7182 24.7586 24.9958 25.5994 25.7679 26.2383 26.5077 27.2905 27.3263 27.478 27.5979 28.0666 28.2829 28.7735 28.9133 28.9491 29.3453 30.0761 30.3144 30.6752 31.0295 31.3326 31.6234 31.7872 32.0487 32.7363 33.195 33.3696 33.5497 34.2662 34.576 34.8275 35.1071 35.5469 35.9295 36.7055 36.7387 37.019 37.1015 37.1514 37.5629 37.7665 37.8183 38.4361 38.776 38.8013 39.2061 39.4482 39.881 40.6655 41.1315 41.5864 41.8588 42.163 42.5691 42.9787 43.2267 43.6944 44.1067 44.2676 44.4863 44.6187 44.905 45.2012 45.2195 45.2283 45.3374 45.7799 45.846 46.4744 46.8386 47.2142 47.3142 47.8389 47.9985 48.6545 48.9516 49.5063 49.9448 50.0607 50.3581 51.0415 51.3621 52.0847 52.4821 53.2402 53.7028 54.0478 54.4745 54.8702 54.952 55.6961 55.7727 56.4833 56.5131 56.6304 56.8233 57.4284 57.4875 58.2058 58.5072 59.2572 59.4303 59.5087 59.8883 60.6668 60.8658 61.2208 61.3623 61.7825 62.2583 62.5894 62.9401 63.4375 63.7339 64.3253 64.7528 64.8652 65.3609 65.3617 65.7267 66.0743 66.3991 66.807 67.0287 67.4338 67.4353 67.5368 67.74 68.2505 68.3293 68.4726 68.5742 69.2795 69.3007 69.4019 69.5088 69.7625 69.8917 70.0026 70.2577 70.6463 70.8503 71.0376 71.0688 71.79 71.8807 71.9946 72.3838 72.424 72.9177 73.3503 73.559 74.1834 74.3851 75.0462 75.4964 75.8916 76.0069 76.0677 76.0945 76.1271 76.3439 76.6264 76.7837 77.3636 77.7369 77.7491 77.9657 78.2293 78.3418 78.4867 78.835 79.2863 79.5503 79.5593 79.9149 80.5893 80.6936 81.4611 81.5983 82.2374 82.6357 83.1568 83.3383 83.6902 84.1667 84.6042 84.9903 85.2752 85.5138 85.546 85.7655 86.4688 86.6942 86.8203 87.3074 87.7913 87.939 88.3436 88.5652 88.7118 88.7261 89.2295 89.6883 90.3136 90.5631 90.9086 91.3273 91.4293 91.8697 92.5246 92.8788 93.311 93.4149 93.5869 93.672 94.3534 94.4693 94.5653 95.0471 95.5504 95.7423 96.0198 96.4349 96.9149 96.9746 97.0636 97.5015 98.0544 98.2697 98.7663 98.979 99.4455 99.8483 100.106 100.559 100.711 100.919 101.29 101.684 102.457 102.863 102.967 103.018 103.385 103.843 104.159 104.459 105.248 105.538 106.158 106.176 106.88 107.129 107.612 107.938 108.083 108.461 108.873 109.057 109.204 109.605 110.136 110.495 111.107 111.156 111.861 111.887 112.584 112.723 113.008 113.04 113.123 113.135 113.2 113.267 113.884 114.147 114.656 114.939 115.214 115.586 116.005 116.107 116.675 116.81 117.373 117.615 117.72 117.762 118.12 118.35 118.602 119.083 119.26 119.668 120.063 120.493 121.057 121.257 122.011 122.506 123.019 123.181 123.833 124.301 124.821 124.89 125.469 125.74 126.27 126.343 127.108 127.547 127.673 127.845 128.442 128.474 129.126 129.156 129.55 129.665 130.285 130.69 130.968 131.156 131.282 131.467 131.522 131.744 132.527 132.852 133.29 133.475 133.578 133.769 134.493 134.687 135.154 135.206 135.683 135.873 136.261 136.542 136.854 137.123 137.324 137.815 138.336 138.409 138.72 138.86 139.526 139.893 140.004 140.374 140.834 141.037 141.536 141.628 141.885 142.19 142.723 142.805 143.495 143.561 144.292 144.396 144.965 145.273 145.609 145.948 146.507 146.687 146.997 147.099 147.69 148.035 148.161 148.315 148.409 148.751 148.881 148.975 149.181 149.448 150.219 150.331 150.589 150.755 150.791 150.904 151.391 151.655 152.067 152.541 152.621 153.072 153.366 153.833 153.913 154.046 154.425 154.508 154.803 155.159 155.913 156.219 156.72 157.074 157.085 157.165 157.861 158.241 158.359 158.854 159.174 159.665 160.03 160.477 161.235 161.4 161.506 161.812 162.472 162.86 162.897 163.237 163.632 163.74 163.857 164.277 164.657 164.849 165.523 165.785 166.572 166.855 167.654 167.896 168.066 168.249 168.839 168.859 169.389 169.566 170.081 170.104 170.445 170.858 171.343 171.36 172.032 172.274 172.978 173.287 173.601 173.765 174.223 174.565 174.82 175.072 175.224 175.407 176.018 176.234 176.556 176.741 177.497 177.976 178.53 178.865 179.014 179.439 179.46 179.51 179.735
#
Chords:
3.80309 4.48872 8.89494 13.5383 18.5158 22.3821 24.5729 29.0745 31.7689 37.3244 44.7883 47.8754 55.3259 56.3988 58.983 61.0979 67.57 70.4438 71.9786 76.3263 79.9165 84.279 89.9416 94.7522 100.032 107.741 115.163 118.162 121.891 122.474 127.331 132.702 136.742 139.725 140.526 146.709 150.636 152.217 154.256 160.2 163.224 168.47 175.875
#
Structure:
2.32905 14.3833 15.1942 27.3564 28.6691 41.4539 44.0851 59.4628 61.1414 73.8099 75.1236 78.4745 78.578 99.0938 100.813 123.87 125.131 143.404 145.639 170.186
#
