RandomSegments:
0.968139 1.67047 5.46213 9.44102 11.3529 11.8537 14.7575 17.7914 20.6238 21.6275 24.3649 27.4617 28.039 29.932 32.057 33.1458 36.923 40.0654 43.1623 44.8725 45.981 48.6231 52.2981 52.9689 53.932 55.5347 56.1528 57.1216 58.6966 62.6836 65.3788 66.66 67.0706 68.822 70.2385 71.2219 72.9955 75.4419 78.8425 80.4053 82.3318 84.4922 85.495 86.3362 89.522 90.5709 94.4597 94.9322 97.9225 99.366 100.14 101.072 103.068 103.743 107.357 108.12 111.225 114.931 117.699 121.588 122.663 123.776 127.694 131.372 132.584 132.99 134.165 137.205 141.124 141.85 143.485 145.747 146.712 149.335 153.263 156.031 157.697 159.83 161.47 164.351 166.016 167.673 170.598 171.096 172.35 174.048 178.032 178.986 179.75
#
Onsets:
1.794 2.944 3.174 3.634 3.749 4.094 4.876 5.451 6.141 6.601 7.291 7.406 7.521 7.751 8.441 10.718 12.098 14.375 15.755 16.215 23.529 24.909 25.369 27.186 28.566 29.026 30.406 31.533 32.683 33.373 34.063 34.523 37.03 42.527 50.991 52.371 54.188 54.648 55.338 58.305 59.685 60.145 63.342 66.999 74.336 77.993 82.8 86.457 96.301 96.761 98.578 99.268 101.108 102.235 104.765 108.422 109.572 123.073 138.851 139.081 139.541 140.231 143.198 143.888 145.705 146.855 147.545 151.202 154.859 157.849 160.356 161.506 162.196 164.013
#
Notes:
0.49353 0.553053 0.817725 1.51867 1.82497 2.49533 2.52669 2.98442 3.15128 3.27565 3.74694 4.23397 4.57079 4.85124 4.86091 5.23883 5.51917 6.3005 6.35925 6.9473 7.26845 7.66841 7.72455 8.08401 8.19711 8.27819 8.60269 9.09475 9.09704 9.19995 9.65567 10.0557 10.1646 10.3489 10.5214 10.5973 10.8041 11.3665 11.7369 12.1246 12.3542 12.4188 12.7134 13.0468 13.5266 13.9297 13.9818 14.6608 15.032 15.7438 16.1592 16.7624 17.044 17.3996 17.5176 18.2945 18.637 19.0717 19.1696 19.467 19.715 20.1233 20.5118 20.6211 21.0268 21.2915 21.4051 21.7343 21.7468 22.4079 22.6955 22.8021 23.1825 23.4411 23.8148 24.0557 24.147 24.4253 24.7309 25.1116 25.4211 25.7229 26.1458 26.7786 27.1081 27.2505 27.2754 27.4775 27.6646 28.2762 28.7728 29.2634 29.6756 30.0817 30.2893 30.7679 31.0187 31.3586 31.4984 32.1122 32.5483 32.6947 33.1403 33.7738 34.1077 34.7844 35.1734 35.5173 35.5613 36.2785 36.6529 37.4363 37.7184 38.1716 38.1872 38.5795 38.7024 38.705 39.1524 39.5689 40.0009 40.2456 40.5793 41.1477 41.2108 41.9808 42.2555 43.0264 43.178 43.7522 43.8201 44.2284 44.3087 44.632 44.6549 45.167 45.612 46.2265 46.5128 46.815 46.9162 47.572 47.9502 48.6624 48.7792 49.3719 49.7654 50.488 50.6982 51.4019 51.4736 52.2002 52.2023 52.8946 53.0825 53.4356 53.5946 53.8932 54.3609 54.5346 54.7909 55.2476 55.7282 56.0442 56.4834 57.105 57.3184 57.9299 58.1395 58.4319 58.7092 58.8093 59.2263 59.5816 60.0339 60.5511 60.8334 61.1053 61.1271 61.5168 61.5473 61.8852 61.9847 62.3486 62.8124 63.0495 63.453 64.2449 64.2943 65.0099 65.1894 65.3891 65.7426 66.1444 66.3706 66.8357 67.2328 67.4289 67.6556 67.7813 68.0451 68.1012 68.4402 68.4875 68.5233 69.1252 69.3731 69.8468 70.234 71.0019 71.1336 71.2177 71.6313 72.3541 72.6024 72.6871 72.7107 73.1979 73.2887 74.0451 74.5192 74.7887 75.1078 75.7947 76.167 76.316 76.7343 77.2433 77.4723 77.7993 78.0871 78.6607 79.0456 79.4215 79.6358 80.4144 80.8071 81.1138 81.5451 82.3271 82.5085 82.7906 83.0105 83.0325 83.112 83.3127 83.5636 84.1342 84.1632 84.9388 85.0638 85.3079 85.3715 85.5056 85.8164 86.414 86.797 87.1591 87.5959 88.0219 88.1226 88.5413 88.6792 88.8783 89.3686 89.616 90.0275 90.0808 90.3945 90.9002 91.0853 91.8524 91.9074 92.2489 92.2975 93.0415 93.1812 93.22 93.5763 93.6042 94.072 94.6323 94.7799 95.1568 95.4957 95.9037 95.9985 96.4181 96.5142 96.7448 97.1714 97.6908 97.7591 98.1606 98.1939 98.565 98.7032 99.0944 99.2993 100.055 100.07 100.431 100.638 101.117 101.156 101.354 101.5 102.216 102.311 102.741 103.069 103.657 104.126 104.35 104.416 104.617 104.829 104.944 105.071 105.636 105.999 106.668 106.966 107.584 107.663 108.393 108.639 109.423 109.45 109.503 109.637 110.133 110.237 110.593 110.804 111.498 111.803 111.83 112.136 112.464 112.803 113.294 113.741 114.049 114.349 114.625 114.676 115.367 115.852 116.255 116.633 117.206 117.381 117.697 117.926 118 118.469 119.254 119.318 119.573 120.071 120.274 120.278 120.686 120.765 121.47 121.894 122.405 122.57 122.702 122.789 123.087 123.239 123.904 123.913 124.281 124.654 125.202 125.244 125.985 126.336 126.883 127.218 127.924 128.088 128.424 128.584 128.751 129.22 129.689 129.979 130.71 130.739 131.075 131.461 131.814 132.14 132.683 132.777 133.332 133.404 133.544 133.857 133.922 134.133 134.451 134.775 135.051 135.287 135.485 135.728 136.104 136.497 136.841 136.842 137.192 137.297 137.715 138.015 138.114 138.309 138.524 138.768 138.847 139.089 139.163 139.279 139.793 139.919 140.249 140.729 141.307 141.425 142.026 142.103 142.298 142.375 142.519 142.738 143 143.083 143.192 143.315 144.055 144.142 144.26 144.654 145.074 145.484 145.861 145.982 146.181 146.34 146.515 146.775 146.868 147.266 148.027 148.325 148.925 149.073 149.327 149.684 149.938 149.977 150.57 150.803 151.582 151.789 152.348 152.385 152.868 153.112 153.602 154.018 154.125 154.421 155.14 155.188 155.339 155.473 155.626 155.988 156.308 156.568 156.799 156.987 157.079 157.479 158.147 158.444 159.091 159.543 159.768 159.786 160.569 160.777 160.895 161.299 161.932 162.376 162.483 162.618 162.84 163.03 163.103 163.227 163.501 163.778 164.096 164.108 164.417 164.889 165.497 165.524 166.166 166.453 167.24 167.635 167.755 168.044 168.636 168.885 169.098 169.587 170.266 170.537 170.626 170.768 170.87 171.346 171.844 171.869 172.123 172.512 172.794 172.83 172.947 172.96 173.122 173.296 173.314 173.664 174.443 174.702 175.035 175.423 175.49 175.913 176.286 176.546 176.693 176.942 177.593 177.645 178.43 178.53 178.708 179.144 179.169
#
Chords:
7.42091 8.1601 16.1345 20.7904 21.6205 22.3853 25.3772 27.1322 30.3972 34.5887 41.8208 49.656 53.7069 57.1887 57.9295 62.1283 68.3256 70.9293 74.804 76.5547 81.3802 85.3161 90.335 97.8548 103.896 105.235 110.046 111.729 118.525 126.281 128.062 135.891 138.429 145.374 148.46 153.901 157.103 164.811 170.071
#
Structure:
2.37007 2.84249 4.15357 31.9672 32.6899 56.4541 59.4972 65.1178 65.8581 66.9055 68.6273 83.2103 86.6484 111.164 111.621 111.668 114.222 127.045 129.724 144.468 147.497 151.559 155.008 168.051
#
