RandomSegments:
2.54561 4.91213 6.06083 9.20321 11.769 15.2284 18.6367 19.4968 22.3942 23.4826 26.894 27.2844 28.0355 31.4353 32.8735 35.4667 36.8643 39.3463 42.4166 45.0451 49.0392 49.7379 53.2987 55.4546 57.9057 60.9078 64.8612 68.8555 70.7696 73.8683 75.1166 78.3502 79.8414 80.4214 80.7933 82.5324 85.5354 88.4214 89.7736 90.6119 94.3956 95.5086 97.5606 100.393 104.103 107.141 110.307 112.327 115.319 116.685 117.014 120.294 122.684 123.964 125.811 126.603 127.51 131.297 132.698 135.751 138.363 140.719 144.131 147.594 149.332 149.664 150.519 151.65 153.78 156.795 159.975 160.766 163.929 166.936 169.977 173.937 174.757 176.258 177.947 179.59
#
Onsets:
0.299 0.483 0.851 1.794 2.369 3.312 3.864 4.807 4.991 5.175 5.382 6.877 9.89 24.955 26.45 26.933 27.025 27.209 27.968 29.463 30.038 30.222 32.476 33.994 38.502 46.782 49.795 52.808 55.821 64.101 83.674 84.157 86.227 87.17 90.16 94.116
#
Notes:
0.326777 1.10976 1.46292 1.76105 1.98629 2.47669 2.75584 2.80535 2.86433 3.65871 3.91249 4.10278 4.42582 5.11361 5.46178 6.1629 6.36229 6.95992 7.03342 7.46544 7.61565 8.0527 8.39855 8.96925 9.19631 9.81774 10.2111 10.5988 10.9603 11.7339 12.2307 12.4135 12.5661 12.6091 12.8124 13.1709 13.5884 13.7525 14.1572 14.5012 14.5214 15.3 15.7201 16.4179 16.6613 16.8085 17.2837 17.3927 17.6145 17.9891 18.2057 18.4334 18.632 19.3063 19.4597 19.9051 20.0294 20.2268 20.3924 20.7456 21.1067 21.4566 21.9283 21.9284 21.9378 22.0624 22.2561 22.7352 22.8577 23.63 24.0418 24.6062 24.9308 25.4664 25.8159 26.541 26.6375 27.2117 27.2899 27.9301 28.1784 28.5802 28.9639 29.7051 30.0445 30.8082 30.9927 31.2976 31.3643 31.642 31.7835 32.0075 32.3906 32.955 33.3073 33.8852 34.2483 34.8397 35.1073 35.4388 35.5204 36.0768 36.2995 36.7845 36.8047 36.8396 37.0635 37.4629 37.7314 38.0479 38.4278 39.0532 39.0871 39.5424 39.6622 40.0187 40.2464 40.4058 40.4934 40.9297 41.0707 41.7155 42.0698 42.1099 42.5872 43.1649 43.5028 43.862 44.1199 44.7517 44.8233 45.0352 45.3993 45.5826 45.7949 45.9 46.1332 46.6046 47.0327 47.5063 47.9794 48.1265 48.1827 48.4028 48.8148 49.5508 49.7237 50.2061 50.5536 51.2939 51.7585 52.3099 52.3223 53.0279 53.0685 53.5351 53.5568 53.9318 54.0128 54.4253 54.741 55.4003 55.8558 56.0974 56.4651 56.8095 57.0185 57.4678 57.6356 57.9003 57.9503 58.6754 58.928 58.9917 59.2279 59.8331 60.1266 60.3964 60.891 61.6436 61.6536 62.0644 62.4344 63.0215 63.4459 63.7384 63.8783 64.2719 64.4944 65.2611 65.4482 65.879 66.1161 66.8284 67.3006 67.6675 67.9854 68.1418 68.6359 69.0028 69.109 69.7686 70.1497 70.9059 71.3831 71.4724 71.4744 72.2605 72.4286 72.5364 72.7755 73.4013 73.7565 74.0563 74.3684 75.0737 75.2718 75.7347 76.0295 76.1655 76.2797 76.4678 76.6828 77.015 77.3155 77.7697 78.1474 78.5064 78.7753 79.1362 79.4383 79.9706 80.3797 80.5055 80.9207 81.7155 82.0607 82.3323 82.7212 83.515 83.618 83.744 84.008 84.1939 84.5449 85.3063 85.558 86.0508 86.2843 86.5829 86.9342 87.5681 87.627 87.9266 88.1033 88.3632 88.7255 89.4993 89.6302 90.2446 90.3468 90.4712 90.7919 91.037 91.0518 91.8099 92.1599 92.2531 92.6363 93.3199 93.7051 93.7888 94.0329 94.6581 94.7881 94.9298 95.2232 95.798 95.901 96.4628 96.4706 96.5778 96.9361 97.1884 97.4358 97.8223 97.8592 98.4414 98.7986 99.3829 99.7772 100.331 100.36 100.598 100.789 101.418 101.859 102.135 102.221 102.35 102.795 103.418 103.851 104.587 104.902 105.634 105.735 105.962 106.268 106.412 106.646 106.795 106.872 107.493 107.56 107.942 108.14 108.699 108.913 109.205 109.503 109.528 109.561 109.785 109.871 110.591 110.596 111.231 111.511 111.536 111.763 112.368 112.583 112.796 113.221 113.479 113.597 114.393 114.536 114.537 114.88 115.578 116.041 116.358 116.432 117.029 117.464 118.1 118.359 118.512 118.59 118.798 119.074 119.531 119.647 119.944 120.084 120.094 120.407 120.643 120.85 121.024 121.102 121.351 121.554 121.955 122.167 122.546 122.578 123.372 123.8 124.246 124.428 124.72 124.786 125.537 125.751 125.767 125.886 126.342 126.445 126.573 127.029 127.601 128.061 128.533 128.947 129.415 129.8 130.376 130.488 130.92 131.394 131.911 132.063 132.075 132.324 132.883 132.976 133.631 133.647 133.975 134.302 135.075 135.508 135.711 135.98 136.545 136.828 136.917 137.396 138.103 138.337 139.008 139.13 139.384 139.482 140.162 140.565 140.823 141.168 141.278 141.634 141.682 142.09 142.565 142.725 143.398 143.416 143.503 143.826 143.891 143.998 144.22 144.638 144.652 144.685 144.821 145.073 145.767 145.919 145.964 146.046 146.525 147.009 147.398 147.708 148.454 148.467 148.991 149.25 149.865 150.234 150.56 151.014 151.545 151.963 152.655 152.674 153.108 153.115 153.122 153.229 153.447 153.864 153.993 154.473 154.701 154.947 155.569 155.715 156.416 156.683 157.025 157.22 157.506 157.517 157.839 158.04 158.607 158.717 159.38 159.745 160.453 160.592 161.159 161.421 161.78 162.267 162.906 163.254 163.776 163.815 164.381 164.489 165.031 165.172 165.296 165.79 165.889 166.055 166.667 166.707 167.08 167.232 167.494 167.782 168.251 168.556 169.282 169.715 169.774 170.146 170.733 171.037 171.372 171.53 171.732 171.825 172.454 172.635 172.845 173.313 173.705 173.969 174.407 174.845 175.539 175.587 176.294 176.442 176.979 177.192 177.879 178.35 178.872 179.281 179.594 179.63 180.024
#
Chords:
2.00723 5.32463 11.7446 13.1991 18.9509 25.0734 27.1488 33.3657 37.8216 44.3231 46.8971 50.8876 51.6916 55.215 55.8045 61.6618 67.1468 69.2156 71.1057 75.6433 82.1621 82.948 89.1034 91.9735 92.9752 95.7708 97.8194 104.856 109.981 111.549 118.325 124.646 131.728 134.867 138.986 141.438 145.159 152.26 158.424 163.762 166.809 174.322
#
Structure:
2.34626 10.7739 13.1418 29.6475 30.7694 58.9145 62.6291 63.7937 63.9813 86.6724 89.3858 104.597 106.598 130.395 132.256 137.951 138.397 156.58 157.396 159.942 160.607 160.816
#
