RandomSegments:
0.441035 2.93978 6.24906 8.05009 10.7371 11.3387 12.3581 14.2517 18.1515 19.0621 22.755 26.0975 28.9314 31.7316 33.977 35.5093 38.9976 42.4646 44.0193 45.696 48.5289 50.4438 53.863 57.6647 58.8402 60.4557 61.3423 63.0663 66.9019 69.1534 70.7927 72.9503 76.0892 78.4811 82.2597 83.8828 85.7842 89.2899 90.1874 91.4771 92.2927 96.1572 98.8428 99.9709 103.477 105.815 109.467 111.168 113.535 114.175 115.084 118.153 120.813 122.627 123.64 126.886 130.445 131.379 133.468 133.94 134.985 137.785 140.03 141.769 143.411 146.812 148.82 149.968 150.826 154.056 157.729 158.546 159.012 159.34 160.55 161.485 165.154 166.685 167.295 169.364 172.447 175.945 177.373 179.187 179.678
#
Onsets:
0.092 5.635 31.234 31.763 32.108 33.511 34.891 36.294 39.077 41.515 46.046 47.426 50.209 52.992 54.395 55.775 56.994 59.087 62.744 66.93 69.713 75.463 75.808 76.682 76.774 76.843 77.188 77.372 77.533 78.062 80.845 82.754 83.628 85.031 89.194 90.229 90.574 91.977 93.38
#
Notes:
0.174581 0.76332 1.12615 1.90372 1.94873 2.07247 2.18979 2.25435 2.28508 2.87067 3.30743 3.71917 3.87879 4.23525 4.62227 4.7692 5.12842 5.50987 5.83598 6.363 6.80704 7.13632 7.55182 7.73542 8.07771 8.08218 8.36686 8.39994 8.60222 9.13832 9.25304 9.82842 10.0979 10.366 10.5224 10.8295 11.0042 11.6804 12.1291 12.5023 12.5262 12.9628 13.2153 13.399 13.8296 14 14.4667 14.7852 15.1662 15.957 15.9976 16.6442 16.7173 17.0932 17.2423 17.6267 17.7467 18.2403 18.387 18.4053 18.6626 19.1653 19.2303 19.8462 20.2939 20.6496 20.8195 21.2709 21.2905 21.319 21.663 22.1334 22.3679 22.4691 22.7786 22.8971 23.3177 23.7329 24.1912 24.8499 24.9141 25.4472 25.7508 26.4543 26.4548 26.9784 27.2975 27.5829 27.6766 27.8757 28.0577 28.6497 28.6959 28.8254 29.0099 29.4995 29.7282 29.8854 30.2156 30.3773 30.5488 30.8883 31.2687 31.4541 31.5623 31.6036 31.97 32.7433 32.9534 33.0593 33.3928 34.0956 34.5006 35.1271 35.4582 36.1193 36.539 36.5826 36.9996 37.1276 37.5633 37.6588 37.8474 38.371 38.3717 39.1159 39.225 39.7692 39.8546 39.8579 40.0002 40.4139 40.8397 41.2323 41.6957 41.868 41.9115 42.0552 42.3157 43.0461 43.1283 43.6109 44.0031 44.0143 44.3671 45.0814 45.4985 45.6065 45.8337 46.266 46.5281 46.7071 46.978 47.56 47.6027 48.2106 48.4664 48.7656 49.0683 49.421 49.8647 50.3144 50.5035 50.7122 50.9926 51.3896 51.716 52.0262 52.4181 52.9386 53.3455 53.9424 53.9658 54.1762 54.4387 55.008 55.318 55.9824 56.4164 57.074 57.0968 57.7076 57.7098 58.4396 58.6171 59.3004 59.4988 59.9635 60.1129 60.685 60.7425 61.0555 61.238 61.915 62.0472 62.6197 63.0562 63.4425 63.4737 63.9768 64.4352 65.1437 65.4425 66.0476 66.2709 66.4501 66.8507 67.238 67.3704 67.9406 68.2724 68.6207 68.7301 68.8556 68.9685 69.4656 69.6527 70.1012 70.2893 70.428 70.6506 71.4161 71.9098 71.9575 72.0917 72.1825 72.3933 72.9493 73.248 73.4674 73.9348 74.615 74.6159 75.0856 75.0931 75.7055 75.7802 76.0842 76.1749 76.8757 77.0041 77.7539 77.8931 77.9367 78.4297 79.1775 79.5755 80.198 80.4819 80.6343 80.7565 80.8561 81.0759 81.7827 81.8424 81.8472 81.9311 82.653 82.8954 83.3307 83.8053 84.1853 84.5384 85.3339 85.5642 86.1552 86.3381 86.4388 86.612 86.937 87.3824 87.7523 87.8124 87.9586 88.4213 88.6534 89.036 89.1098 89.5993 90.2718 90.6777 90.9717 91.161 91.6033 91.6915 91.7401 91.772 92.4293 92.6993 92.7252 92.8479 92.9592 93.2339 93.6107 93.8449 93.8731 94.1841 94.6683 94.7206 95.2981 95.6161 96.2232 96.6283 97.3084 97.4507 97.7785 98.2656 98.4928 98.6832 99.0081 99.3555 99.5944 100.038 100.836 100.992 101.078 101.557 102.225 102.241 102.343 102.727 103.211 103.536 104.246 104.459 104.803 105.288 106.07 106.43 107.017 107.438 108.213 108.224 108.765 109.003 109.545 109.588 110.276 110.751 111.318 111.35 111.697 111.957 112.496 112.736 112.95 113.318 114.094 114.338 114.608 115.049 115.514 115.584 115.585 115.987 116.57 116.576 116.815 117.122 117.81 118.258 119.017 119.192 119.842 120.3 120.44 120.482 120.972 121.356 121.4 121.667 122.284 122.509 122.922 123.265 123.677 123.772 124.287 124.534 125.216 125.659 126.036 126.109 126.799 127.227 127.934 128.417 128.522 128.596 129.244 129.476 130.073 130.172 130.462 130.736 131.321 131.387 131.433 131.675 131.96 132.199 132.839 133.122 133.284 133.577 134.194 134.236 134.563 134.818 135.521 135.816 136.615 136.947 137.694 138.192 138.743 138.75 138.909 139.186 139.264 139.304 139.682 139.799 140.389 140.678 140.968 141.228 141.816 142.263 142.986 143.076 143.589 143.725 143.868 143.888 144.107 144.565 144.646 144.776 145.55 145.976 145.976 146.067 146.212 146.59 146.744 146.877 147.525 147.835 147.973 148.042 148.169 148.401 148.864 149.014 149.785 150.233 150.73 150.979 151.269 151.685 151.747 151.914 152.098 152.153 152.601 152.654 153.277 153.428 153.58 153.785 154.457 154.719 154.976 155.268 155.835 156.079 156.482 156.706 156.708 157.004 157.252 157.477 157.781 157.957 158.12 158.465 158.934 159.393 159.465 159.904 160.453 160.944 161.52 161.905 162.638 163.067 163.539 163.574 163.615 163.615 164.016 164.215 164.774 165.149 165.497 165.63 165.964 166.265 166.984 167.329 167.389 167.765 168.085 168.272 168.556 168.664 168.823 168.868 169.506 169.664 169.667 169.771 170.018 170.411 171.018 171.495 171.916 172.063 172.221 172.42 173.18 173.52 173.744 174.111 174.315 174.641 174.812 175.242 175.782 175.903 176.06 176.455 177.153 177.563 177.975 178.448 178.618 179.079 179.243
#
Chords:
0.706915 4.06803 6.67289 8.89322 12.0779 18.6313 20.4609 26.5661 34.527 41.6369 44.6205 46.3671 47.3743 53.5917 55.0324 57.5018 65.2601 70.3594 75.0702 76.023 76.8235 82.1956 88.2549 92.5643 94.387 98.5291 102.43 109.267 112.315 117.957 119.542 126.153 130.794 138.242 139.158 142.503 145.821 151.41 157.947 159.136 162.784 169.353 171.382
#
Structure:
0.748924 9.59593 12.9937 17.0973 17.7832 36.6391 37.9181 47.5791 50.7702 59.522 61.2833 73.9152 76.8975 101.877 103.107 115.794 118.652 138.229 141.091 154.53 155.851 168.295
#
