RandomSegments:
3.389 4.11786 5.53835 7.33034 8.97769 10.9733 12.9597 15.0814 16.0821 18.2175 20.1055 22.0001 23.9262 26.5204 27.6242 28.8014 31.1702 33.3238 34.7136 36.9619 37.5646 41.1724 44.5358 44.8437 48.062 49.4288 51.0307 53.3789 53.7993 54.3203 58.0872 61.6262 63.8113 65.1488 66.8731 67.2046 68.4637 71.8848 73.9582 76.8931 77.8396 78.3574 81.7083 82.273 85.5454 87.2324 88.6587 89.8795 92.8425 94.5642 97.4175 100.612 101.848 104.992 106.885 108.448 111.882 113.441 114.317 115.878 119.286 122.667 126.384 127.895 131.66 134.194 137.239 139.513 140.417 144.044 145.823 148.034 150.481 153.886 154.675 156.02 158.305 161.496 162.378 165.643 168.697 169.8 172.37 173.867 177.72
#
Onsets:
10.672 33.373 39.813 40.135 41.308 50.232 56.327 61.617 63.158 72.864 75.371 76.36 78.775 79.005 82.984 83.421 85.077 85.882 86.94 87.262 87.4 87.722 89.585 90.367 93.012 95.657 97.52 97.98 98.302 100.165 100.947 103.592 115.161 119.117 123.096 137.172 138.506 139.61 139.817 140.599 143.129 143.566 145.889 151.179 153.824 156.469 159.114 164.404 174.524
#
Notes:
0.463637 0.782128 1.05734 1.10578 1.17787 1.18251 1.54235 1.76072 1.88798 2.45401 2.79911 3.28956 3.3115 3.48526 3.78912 4.01376 4.26409 4.50794 4.73674 5.48376 5.63922 5.98782 6.37389 6.9262 7.16283 7.20477 7.40974 8.14333 8.42491 9.14915 9.24348 9.60643 9.9463 10.2169 10.5434 10.8927 11.1951 11.944 12.3232 12.6203 12.7235 13.0746 13.4504 13.9429 14.2516 14.5163 14.5315 15.2715 15.3824 15.389 15.5207 15.6974 16.1857 16.9339 17.2087 17.3959 17.449 18.0013 18.4518 18.5975 18.9443 19.1954 19.61 19.7198 19.8226 20.5092 20.6668 20.8566 21.0971 21.5379 22.0121 22.3329 22.4381 22.8189 23.0725 23.6332 23.8557 23.9967 24.3843 24.4244 24.5038 24.575 25.0056 25.2936 25.4941 25.6666 26.0737 26.7341 26.7671 27.5155 27.9191 28.3132 28.7209 29.0146 29.3538 29.9666 30.0563 30.2047 30.2567 30.2667 30.4531 30.6938 30.7879 31.5204 31.948 32.1914 32.5667 33.158 33.2408 33.3102 33.3564 33.4805 33.5125 33.9448 34.2054 34.8388 35.0947 35.6892 35.8981 36.0257 36.2853 36.7163 36.7788 36.8661 37.0641 37.7949 38.015 38.3989 38.6144 38.6779 39.1738 39.2488 39.5169 40.0511 40.1924 40.7928 41.2352 41.9877 42.3283 42.6339 42.671 43.0126 43.0819 43.0983 43.5213 44.2309 44.6905 45.2809 45.7276 45.7394 45.7988 45.9683 46.3623 46.9885 47.1171 47.1762 47.4554 48.1223 48.4843 49.0443 49.5178 50.182 50.3609 50.8356 51.2774 51.4087 51.8804 51.898 51.998 52.7445 53.1968 53.2466 53.3079 53.7817 54.27 54.8367 55.1214 55.2691 55.3378 55.4995 55.8926 56.3401 56.6306 56.8223 56.998 57.3829 57.389 57.5575 57.5987 57.6294 57.6523 57.7552 58.1905 58.3979 58.8917 59.2161 59.7079 59.9754 60.3691 60.4715 60.9004 61.1893 61.4057 62.201 62.6602 62.6681 62.9556 63.4047 63.6323 63.649 63.9811 64.7558 64.7993 65.5487 65.7364 66.3612 66.7834 67.5664 67.8693 67.9684 68.17 68.5468 68.9605 69.5602 69.8104 70.386 70.4225 70.5863 70.6168 71.2199 71.3893 71.9872 72.0228 72.6909 73.033 73.1712 73.5338 73.6443 74.049 74.2122 74.6525 75.0635 75.2609 75.7428 75.9172 76.5074 76.9967 77.5213 77.5503 77.6721 78.0013 78.1611 78.4679 78.5518 78.7504 79.4126 79.5586 79.6346 79.7403 80.0985 80.597 80.6207 80.6342 81.3064 81.4111 81.8089 82.0503 82.3504 82.5821 82.9552 83.1859 83.6192 83.8086 84.059 84.374 84.7349 85.1253 85.5932 85.98 86.7518 87.2217 87.5486 87.6478 88.1322 88.3628 89.119 89.6142 90.3416 90.77 91.4107 91.6145 91.912 92.0764 92.7157 92.81 93.3286 93.7277 93.744 93.7739 93.9008 94.2556 94.668 94.7771 95.386 95.7059 96.1857 96.2241 96.7384 96.8626 96.9679 96.9928 97.0647 97.3616 97.9111 98.2407 98.4722 98.6478 98.6706 99.0442 99.7012 100.183 100.81 100.845 101.642 101.767 102.353 102.386 102.941 103.201 103.688 103.714 104.404 104.752 105.422 105.759 106.023 106.278 106.347 106.771 106.841 106.978 107.028 107.029 107.585 107.725 108.09 108.531 109.316 109.488 109.826 110.183 110.722 110.989 111.406 111.416 111.512 111.817 112.24 112.643 113.268 113.374 114.173 114.424 114.91 115.066 115.079 115.244 116.043 116.538 116.549 116.783 117.162 117.179 117.255 117.622 118.201 118.408 118.984 119.039 119.192 119.271 119.451 119.875 120.558 120.883 120.901 121.139 121.4 121.858 122.594 122.828 123.624 124.059 124.423 124.854 125.09 125.141 125.672 125.968 126.605 126.725 126.854 127.282 127.503 127.685 128.464 128.59 128.912 129.197 129.203 129.703 129.875 129.956 130.411 130.412 130.44 130.715 131.378 131.411 132.191 132.357 132.892 132.897 133.46 133.781 134.404 134.895 135.382 135.516 135.859 136.244 136.274 136.56 137.225 137.399 137.996 138.373 138.757 138.993 139.183 139.42 139.729 140.033 140.13 140.325 140.815 141.29 141.424 141.736 141.744 142.16 142.329 142.665 143.122 143.272 143.713 144.132 144.369 144.434 144.443 144.777 145.567 145.611 145.859 146.09 146.78 147.121 147.856 148.032 148.369 148.475 148.491 148.497 148.855 149.055 149.669 149.933 150.373 150.551 150.942 151.153 151.288 151.393 152.163 152.369 152.73 152.785 153.162 153.621 154.318 154.803 155.402 155.809 155.847 156.181 156.576 156.842 157.34 157.341 157.829 158.308 158.821 158.921 159.574 159.688 159.944 160.066 160.698 161.156 161.64 162.042 162.45 162.775 163.128 163.152 163.897 164.24 164.373 164.434 164.97 165.222 165.936 166.227 166.904 167.344 167.622 167.894 168.486 168.771 168.779 169.209 169.542 169.559 169.567 169.602 170.384 170.543 171.071 171.283 171.767 172.043 172.068 172.458 172.481 172.564 172.957 173.259 173.744 173.884 174.366 174.828 175.34 175.525 175.754 175.973 176.065 176.41 176.938 177.263 177.654 177.909 178.275 178.383 178.955 179.302 179.648 179.829 179.938
#
Chords:
7.54726 10.7575 17.4737 19.5803 21.861 26.126 31.0358 35.6157 43.4278 47.3957 48.8529 55.6849 61.9717 67.0851 68.6133 70.0554 77.0014 84.7874 92.4884 98.4225 103.62 109.198 115.194 115.803 117.1 122.591 123.44 128.005 129.991 131.448 133.21 137.392 144.601 152.221 155.33 162.475 165.231 171.574 173.914
#
Structure:
1.28434 24.0322 27.9489 53.3198 56.4361 71.9804 75.0548 100.788 104.14 114.58 116.131 124.925 128.106 135.797 138.207 167.607
#
