RandomSegments:
2.04764 2.84087 6.21541 8.2521 10.5546 12.0414 14.663 16.3696 19.5442 20.2224 22.8886 26.1765 28.3439 31.1893 32.1502 34.2673 38.2037 39.8806 42.6053 45.9357 48.7814 50.1951 51.9786 55.931 59.7938 60.6727 63.7166 65.5058 69.2484 69.685 71.761 75.2516 75.8561 77.3288 79.2652 81.5605 83.5182 86.654 87.8602 89.2883 92.3607 95.291 99.0662 100.928 102.884 105.087 107.933 108.745 109.381 110.288 111.084 112.16 115.658 116.86 119.417 123.003 126.092 126.645 130.11 131.904 133.039 134.332 136.067 138.114 141.487 144.022 145.027 148.496 151.158 152.514 156.035 158.257 161.92 164.396 168.186 169.947 173.591 174.028 175.805 177.246 178.47
#
Onsets:
0.391 0.943 2.001 2.829 3.082 3.91 4.163 4.715 6.325 6.877 8.74 9.039 9.292 9.568 10.649 11.454 11.73 17.365 18.193 18.745 19.527 20.355 20.907 21.436 21.712 22.517 23.046 23.874 24.679 26.565 26.841 27.37 28.175 29.003 29.532 29.808 30.337 31.142 32.913 33.304 34.132 34.27 34.362 34.661 35.466 35.995 37.628 44.091 45.172 45.448 46.253 47.334 47.61 51.382 52.739 54.901 56.787 57.592 58.397 61.111 61.364 61.916 62.721 63.526 65.688 69.989 72.703 74.313 74.865 76.199 76.475 78.637 80.799 82.938 85.1 87.262 91.586 92.667 93.472 93.748 98.601 100.211 100.763 102.373 104.535 106.697 108.859 110.745 115.322 122.866 126.661 127.466 128.823 133.653 134.757 135.286 138.575 138.805 143.382 144.992 147.683 149.868 152.559 153.364 155.526 156.331 157.688 159.85 160.655 161.184 164.703 164.979 173.328 173.581 175.766 177.652 179.814 182.229 186.553 190.854
#
Notes:
0.10712 0.170257 0.547511 1.02284 1.49785 1.76641 1.80944 2.45846 2.51368 2.57548 2.68452 2.89969 3.10206 3.50739 3.53225 3.72806 4.01562 4.15412 4.20689 4.32515 4.79776 5.55921 5.92006 6.38853 6.56138 7.27526 7.58751 7.78947 8.07578 8.4504 8.60449 8.94225 8.96012 9.16613 9.22483 9.4848 9.86089 10.3299 10.5506 10.7028 10.8739 11.0073 11.4697 11.66 11.7513 11.9596 12.0121 12.3286 12.5168 12.835 13.0222 13.0457 13.391 13.5399 13.8824 14.2516 14.3131 14.5024 14.9485 15.3993 15.5246 16.1176 16.1909 16.3519 16.3618 16.9473 17.069 17.7213 17.7858 18.2275 18.3937 19.1271 19.4604 19.9188 20.366 20.9906 21.0677 21.6157 21.8115 21.9071 22.2352 22.7113 22.9615 22.9714 23.0264 23.3969 23.5607 24.2648 24.5306 25.256 25.5162 26.1393 26.2677 26.9933 27.3312 27.9709 28.4052 28.9211 29.3981 30.0787 30.5659 31.2073 31.3592 31.8454 32.0862 32.3687 32.4714 33.1993 33.466 33.7766 33.945 34.2532 34.632 35.4208 35.4563 35.9248 36.4186 36.962 37.0665 37.3961 37.4514 37.8814 38.3086 38.3995 38.4973 38.8182 39.2377 39.749 40.032 40.2684 40.5694 41.0676 41.5494 41.9974 42.4627 43.0924 43.3257 43.9017 44.1361 44.1707 44.3286 44.8357 45.0351 45.0896 45.242 46.0001 46.1026 46.6173 47.0621 47.3721 47.8324 48.2595 48.599 49.3352 49.7203 49.8717 50.0984 50.3509 50.6558 50.6945 50.8828 50.9941 51.0298 51.6132 51.8894 52.456 52.8659 53.5738 53.8644 53.8989 54.3121 54.3163 54.4554 54.729 54.7626 55.5224 55.624 55.6348 55.9105 56.3002 56.3815 57.0193 57.0614 57.5647 57.7335 57.7356 58.0733 58.0997 58.1983 58.5175 59.0142 59.2236 59.6472 60.277 60.6658 60.8054 61.2948 61.9216 62.2261 62.4158 62.4494 63.1278 63.6035 63.6249 64.114 64.1854 64.6167 65.1909 65.5107 66.2094 66.3551 67.0144 67.4816 68.1008 68.2778 69.067 69.3015 70.012 70.2663 70.3295 70.5173 70.5619 70.575 70.9111 71.3133 71.3195 71.653 71.9481 72.0788 72.8624 73.3463 73.4153 73.6389 74.2923 74.3162 74.9121 75.2895 75.376 75.5446 76.3174 76.3585 76.6571 76.7256 77.3396 77.3972 78.0687 78.2758 78.9174 79.2854 79.9551 80.325 80.4588 80.8179 81.0952 81.4831 81.9398 82.1184 82.6982 82.8069 82.9101 83.0102 83.1271 83.4253 83.8901 84.1526 84.7825 85.2082 85.3701 85.7344 85.9646 86.0016 86.1575 86.2977 86.7097 86.8757 87.5457 87.7432 87.8802 88.3709 88.5127 88.5544 88.7669 88.952 89.3873 89.7553 90.5462 90.7167 91.2505 91.6982 91.7131 91.932 92.4742 92.6625 93.2941 93.4073 94.0283 94.2213 94.8248 95.1394 95.8187 96.2193 96.3576 96.7015 97.3503 97.4824 97.8483 98.1736 98.9415 99.0646 99.5478 99.9491 100.045 100.414 101.011 101.477 102.167 102.527 102.811 103.237 103.693 103.738 103.838 104.273 104.788 104.865 104.922 105.233 105.739 105.938 106.632 106.722 107.154 107.482 108.254 108.666 108.768 108.941 109.353 109.552 109.926 110.386 110.889 111.217 111.654 111.756 111.762 112.007 112.151 112.525 112.905 113.14 113.173 113.62 113.972 114.262 114.313 114.65 115.3 115.587 115.603 115.705 116.053 116.469 116.9 117.277 117.696 117.775 118.065 118.124 118.251 118.458 118.536 118.764 119.076 119.252 119.471 119.608 120.355 120.674 121.445 121.78 121.808 122.002 122.608 122.879 123.285 123.374 123.677 124.109 124.496 124.952 125.519 125.888 126.624 126.846 127.256 127.429 127.716 127.918 128.43 128.658 128.671 128.703 129.499 129.832 130.387 130.753 130.778 130.784 131.239 131.491 131.557 131.619 131.921 132.336 132.571 132.844 132.873 133.271 133.619 133.833 134.01 134.255 134.559 134.663 135.416 135.622 136.05 136.277 136.793 136.94 137.736 137.992 138.688 138.813 139.384 139.456 140.254 140.588 140.949 141.336 141.422 141.793 142.446 142.709 143.109 143.134 143.245 143.596 144.307 144.354 144.746 145.174 145.82 145.918 146.415 146.469 146.688 147.016 147.086 147.531 147.694 147.996 148.286 148.65 149.178 149.379 149.544 149.682 150.015 150.046 150.105 150.2 150.924 151.195 151.874 151.912 151.957 152.125 152.668 152.714 152.777 152.915 153.076 153.284 153.836 154.311 155.049 155.153 155.833 156.149 156.196 156.314 156.732 156.799 157.269 157.678 158.065 158.305 158.977 159.084 159.662 160.089 160.363 160.45 160.826 161.14 161.353 161.73 162.018 162.02 162.19 162.226 162.853 162.885 163.395 163.473 164.246 164.597 165.146 165.426 166.033 166.196 166.786 167.222 167.812 168.17 168.507 168.898 169.371 169.861 170.168 170.619 170.895 170.896 171.385 171.845 172.221 172.344 172.801 172.96 173.259 173.461 174.218 174.358 174.625 174.985 175.201 175.655 175.969 176.188 176.358 176.61 176.805 176.931 177.594 178.064 178.581 178.688 179.103 179.554 179.867
#
Chords:
3.28626 4.11472 10.2854 12.9054 18.3499 21.2505 25.4028 29.4673 35.4595 41.4245 46.7098 48.0535 55.2085 56.0813 59.2614 65.6399 71.8026 77.5108 78.0259 79.6259 85.1944 87.2149 93.4813 98.9345 104.114 105.33 107.809 112.067 116.972 120.176 121.94 123.862 130.425 133.59 139.018 146.747 153.189 156.741 162.653 166.354 170.523
#
Structure:
0.550066 24.046 27.0873 45.0203 48.0007 75.7604 76.6195 84.5867 87.093 107.81 109.797 117.825 119.177 137.898 141.219 166.724 170.242 170.53 170.582 175.847
#
