RandomSegments:
2.58524 3.30812 6.86402 7.60157 9.34795 10.8705 13.3125 14.0356 16.9974 19.5447 21.0367 21.6263 23.7707 25.9268 27.0122 30.592 31.0649 34.008 36.808 37.738 38.9176 42.2532 45.8839 46.6591 49.5079 52.8707 56.0656 59.3619 61.6509 65.5504 66.4659 68.7002 72.0976 74.8347 77.5539 79.8107 80.4909 84.276 87.4207 90.2169 90.6614 92.7181 95.816 96.5612 100.49 101.931 105.18 108.512 109.097 111.114 114.819 118.477 121.561 124.365 126.126 128.847 130.895 132.018 135.566 136.377 137.969 139.106 139.806 141.2 143.773 145.434 147.286 149.456 151.583 153.306 156.779 158.415 160.615 161.944 162.917 166.142 169.283 171.923 174.204 175.155 176.128 179.955
#
Onsets:
72.151 72.841 73.048 73.715 73.968 74.635 74.842 75.233 75.532 75.762 76.429 76.659 77.349 77.556 77.901 78.246 78.453 78.844 79.143 79.373 80.04 80.27 80.937 81.144 81.696 82.018 82.363 82.616 82.961 84.525 86.365 88.159 89.953 91.77 93.794 97.405 98.969 102.58 108.215 110.699 112.539 144.049 144.256 173.098 174.685
#
Notes:
0.316904 0.55761 0.770598 0.954442 1.00771 1.51542 1.5187 1.70174 1.91592 1.98767 2.1122 2.16894 2.17662 2.59399 2.98121 3.6447 3.81469 4.56481 4.95925 5.52277 5.94513 6.24887 6.52737 6.71036 6.9361 6.95363 7.07192 7.38285 7.54438 7.95355 8.44384 9.19787 9.21409 9.28184 9.63844 10.2126 10.6112 11.0034 11.2464 11.3805 11.8473 12.0471 12.4572 13.2324 13.3269 13.5573 14.0284 14.7823 14.8354 15.2062 15.3641 15.4246 15.4636 15.4876 15.6794 16.4248 16.5483 16.9978 17.4553 17.6346 18.0886 18.3871 18.8245 19.4945 19.7782 20.5474 20.6552 20.7173 20.8768 21.2849 21.5339 21.8801 22.2242 23.005 23.3798 23.8781 24.1805 24.8192 25.052 25.231 25.5604 26.1662 26.2453 26.7598 26.907 26.918 27.0982 27.6845 27.7355 28.4256 28.6721 29.3246 29.7545 29.9383 30.1868 30.5151 30.7571 31.1133 31.434 31.7819 32.0551 32.3123 32.5177 32.653 32.9069 32.964 33.403 34.0106 34.1768 34.2518 34.4877 34.9233 35.2401 35.3689 35.6388 36.4271 36.4317 36.4606 36.7714 37.1552 37.5168 37.5608 37.9745 38.6489 38.8432 39.404 39.5232 40.112 40.5166 41.0814 41.4465 42.1031 42.4206 42.9868 43.0489 43.791 44.2859 45.0819 45.1209 45.1303 45.4917 45.7893 46.0979 46.2439 46.468 47.0063 47.3643 47.8338 47.8429 48.61 49.0262 49.3675 49.6663 50.4075 50.8106 51.5246 52.0176 52.4673 52.4788 52.7146 52.8897 53.3459 53.4723 53.6108 53.6215 54.1084 54.1429 54.6754 54.9312 55.6213 55.7478 56.483 56.687 57.4763 57.522 58.1792 58.3295 59.0877 59.5741 60.2449 60.4445 61.0841 61.1788 61.3659 61.8631 62.5997 62.7739 63.1391 63.3514 63.9476 64.0998 64.8789 65.2272 65.6437 65.6492 65.9179 66.1298 66.226 66.3297 66.9269 67.0434 67.4002 67.569 68.3105 68.4611 68.8193 69.1263 69.5674 69.653 69.8897 70.2038 70.2339 70.4889 71.0749 71.285 72.0597 72.5414 72.6513 72.8537 73.6006 73.9798 74.2507 74.2848 74.338 74.4473 75.0042 75.4232 75.4708 75.8914 76.2871 76.3035 77.0556 77.1031 77.2413 77.3904 77.7 77.9985 78.3359 78.5539 79.2491 79.6592 80.207 80.2225 80.5323 81.028 81.0983 81.4903 81.5725 81.7405 82.0068 82.4851 82.9882 83.1496 83.6186 84.0344 84.252 84.2859 84.9993 85.2987 85.2989 85.576 85.6881 85.9732 86.3112 86.7207 86.8226 86.8887 87.3348 87.7205 88.3052 88.4754 89.0165 89.4116 90.0017 90.2822 91.08 91.4621 91.7439 91.7794 92.1924 92.5549 93.2903 93.2989 93.9017 94.2686 94.9799 95.3012 95.8581 95.9467 96.394 96.4883 97.0651 97.1274 97.6247 97.8122 98.433 98.8872 98.9274 99.3614 99.8438 100.134 100.418 100.738 100.964 101.166 101.754 102.068 102.775 102.79 102.925 103.227 103.622 103.884 104.656 104.972 105.311 105.756 106.399 106.439 107.12 107.251 107.895 108.162 108.715 108.913 109.441 109.708 110.499 110.823 111.094 111.376 111.851 111.884 112.225 112.315 112.638 113.022 113.509 113.85 114.624 114.761 115.03 115.146 115.729 116.182 116.339 116.775 117.308 117.792 117.828 117.956 118.479 118.886 119.202 119.5 119.728 119.973 120.079 120.413 120.778 120.829 120.864 121.022 121.427 121.698 121.889 122.059 122.185 122.569 123.334 123.427 123.49 123.621 124.268 124.44 124.693 125.109 125.903 126.327 126.654 126.87 127.252 127.658 128.003 128.059 128.658 128.838 129.465 129.874 129.932 130.393 131.176 131.236 131.938 132.058 132.238 132.544 132.736 132.747 132.808 132.843 132.861 133.186 133.947 133.965 134.526 134.951 135.562 135.58 135.893 136.242 136.631 136.641 136.748 137.207 137.936 138.044 138.798 139.222 139.524 139.554 140.09 140.58 141.192 141.356 141.518 141.765 142.194 142.275 142.3 142.634 142.707 142.768 143.338 143.645 143.826 144.289 144.511 144.612 145.395 145.414 145.483 145.778 146.293 146.671 146.823 146.964 147.151 147.633 148.199 148.256 148.382 148.475 148.691 148.72 149.061 149.128 149.163 149.293 149.404 149.579 149.879 150.002 150.436 150.514 150.985 151.306 151.665 151.936 152.707 152.895 153.118 153.186 153.529 153.89 154.314 154.786 155.575 155.644 156.396 156.883 157.23 157.35 157.451 157.675 157.976 158.422 159.209 159.575 159.636 160.015 160.521 160.832 160.98 161.11 161.253 161.343 162.035 162.201 162.262 162.647 162.92 163.359 163.669 163.876 164.215 164.38 164.938 165.022 165.037 165.164 165.947 166.271 166.405 166.576 166.726 166.914 167.43 167.81 168.501 168.548 169.056 169.171 169.593 169.945 170.374 170.744 170.863 171.358 171.692 171.85 172.222 172.615 172.731 173.106 173.452 173.82 174.405 174.743 175.231 175.379 176.127 176.59 177.157 177.243 177.73 178.011 178.136 178.526 179.241
#
Chords:
6.23138 9.59317 14.0342 19.3061 24.1879 29.7585 35.9773 39.5464 42.1163 43.9667 49.5579 56.6373 62.4999 69.3836 70.9951 76.5895 82.3686 87.5494 94.3463 101.514 104.108 105.463 107.704 112.666 113.908 115.004 118.141 121.01 123.885 127.584 134.705 137.374 144.225 144.986 151.605 153.274 157.002 158.909 161.523 162.622 166.159 173.306
#
Structure:
1.34233 13.6144 14.858 41.7469 44.9246 46.6184 47.1896 63.4224 63.621 90.2609 91.6946 99.4319 100.735 107.542 109.535 121.371 122.059 126.516 129.182 133.562 137.475 139.223 140.917 141.057 142.057 171.75
#
