RandomSegments:
3.06379 6.99435 10.0339 13.9418 16.2415 16.9758 20.3213 21.1037 22.268 24.247 27.8355 30.8812 34.4106 36.236 38.3438 39.4058 42.0101 45.797 49.5848 51.9437 55.5602 58.6634 61.7584 65.1845 66.7609 70.716 73.9156 75.1825 77.7666 80.0252 81.4795 83.7501 85.129 88.6579 91.5227 94.1391 97.7238 100.58 103.505 104.885 106.54 110.425 111.868 113.927 114.296 118.124 121.681 122.446 123.335 126.264 129.183 131.122 133.341 135.719 138.918 139.519 142.597 143.606 146.169 147.767 151.608 154.503 155.452 159.242 161.888 163.626 166.589 167.678 171.499 173.792 175.948 178.282
#
Onsets:
0.161 4.485 8.441 8.625 9.338 9.522 9.706 10.948 11.316 11.477 12.397 13.11 14.559 15.272 22.632 34.684 55.2 66.539 69.966 70.242 70.311 77.326 78.407 79.672 88.665 91.862 107.203 108.261 108.629 120.497 121.026 122.383 122.659 122.935
#
Notes:
0.00387585 0.137889 0.570382 0.796707 1.23501 1.96917 2.33608 2.93624 3.41553 3.49981 3.60771 3.71314 3.93429 4.28191 4.7265 4.82514 5.05042 5.37719 5.4418 5.79611 6.19422 6.34374 6.42492 7.06075 7.41902 7.82504 8.28825 8.61861 9.05246 9.715 9.84948 10.3222 10.5021 10.779 11.0365 11.1197 11.1772 11.2172 11.6846 12.4298 12.5936 12.9636 13.0351 13.1807 13.336 13.5174 13.9986 14.5039 14.7575 14.9151 15.3043 15.9277 16.4031 16.5512 17.0126 17.6735 18.1489 18.1679 18.2237 18.6108 18.7567 18.8355 19.0712 19.0883 19.4487 19.4552 19.5478 19.9096 19.914 20.3195 20.4641 20.681 20.8632 21.1735 21.498 22.0156 22.257 22.6254 22.9508 23.3316 23.3368 23.5617 23.88 24.0414 24.3955 25.0281 25.3347 25.9836 26.0293 26.4438 26.5792 27.3055 27.7207 28.1235 28.5409 28.761 29.1072 29.5857 29.9818 30.6445 30.7969 31.0361 31.0434 31.3376 31.599 32.216 32.3728 32.4018 32.7427 32.9162 33.3965 34.1073 34.3647 34.5615 34.6604 35.0423 35.0513 35.3754 35.515 36.2064 36.2289 36.6457 36.6769 37.4447 37.8996 37.9112 38.258 38.7377 39.1289 39.8025 40.0066 40.2188 40.2963 40.4714 40.9634 41.6446 41.7257 42.3529 42.7897 43.1013 43.1199 43.4068 43.6836 43.789 44.0299 44.7964 44.853 45.5763 45.6942 45.8632 46.1741 46.2793 46.5913 47.2667 47.4174 47.7734 47.9545 48.2627 48.2819 48.5002 48.703 49.3005 49.4316 49.6927 49.752 50.4239 50.7872 51.0943 51.3685 52.0712 52.1822 52.4051 52.447 52.8705 53.2451 53.6452 53.7844 54.2367 54.3314 54.5802 54.6421 54.7808 55.2801 55.912 56.1859 56.6504 57.1298 57.6907 57.9038 58.0237 58.2816 58.7656 59.2066 59.6874 60.0569 60.1425 60.2227 60.6361 60.8505 61.3764 61.8033 62.4337 62.6375 63.2825 63.6644 63.7879 64.0486 64.3037 64.3933 64.7903 64.9851 65.0324 65.4574 65.4866 65.6986 65.7363 65.9571 66.041 66.1216 66.5987 66.9719 67.4713 67.6856 68.4353 68.6548 69.434 69.6239 69.8103 70.1364 70.4447 70.9109 71.2278 71.3059 71.7282 72.046 72.5313 72.7436 73.0954 73.3465 74.1024 74.2839 74.6531 75.0696 75.1016 75.5961 75.8582 76.1421 76.2567 76.675 76.7327 76.8291 77.2535 77.4404 78.1645 78.5327 79.0458 79.1504 79.7238 80.1649 80.8546 81.0401 81.3308 81.6985 81.9824 82.2028 82.5182 82.6521 83.3279 83.7382 84.0367 84.5259 85.1387 85.5971 85.9589 86.3566 86.8981 87.1588 87.4423 87.8205 88.0997 88.1851 88.5204 88.7668 89.1143 89.4973 90.1938 90.221 90.3183 90.4343 91.2032 91.2533 91.7996 92.0502 92.1692 92.6655 92.9218 93.2209 93.9923 94.4034 94.5772 94.6333 95.2119 95.6587 95.8198 96.2362 96.8292 97.1835 97.9229 98.3399 98.5046 98.9909 99.7638 100.158 100.449 100.778 101.394 101.787 101.931 102.259 102.909 103.135 103.232 103.253 103.986 104.302 104.479 104.737 104.825 105.037 105.115 105.601 106.363 106.796 106.828 107.252 107.813 107.818 108.524 108.604 108.818 109.178 109.78 110.208 110.47 110.94 111.265 111.484 111.909 112.261 112.481 112.713 112.857 113.219 113.931 114.37 114.619 115 115.674 116.058 116.517 116.83 117.575 117.849 118.496 118.523 119.048 119.096 119.695 119.821 120.39 120.838 121.416 121.606 122.123 122.473 123.112 123.502 123.763 124.136 124.329 124.428 124.728 124.763 125.34 125.742 125.937 126.401 126.522 126.667 126.711 127.15 127.621 128.026 128.737 129.007 129.067 129.097 129.641 129.918 130.602 130.737 131.012 131.42 132.092 132.302 132.557 132.785 133.405 133.592 133.74 134.061 134.828 135 135.39 135.744 136.516 136.694 137.047 137.382 137.583 137.598 138.141 138.453 138.508 138.755 139.293 139.335 139.796 140.127 140.136 140.529 140.98 141.323 141.465 141.954 142.511 142.935 143.724 144.091 144.638 144.981 145.243 145.417 145.633 145.951 146.266 146.405 146.782 147.257 147.273 147.643 148.407 148.502 148.762 148.981 149.747 149.794 150.007 150.25 150.78 150.808 151.065 151.075 151.436 151.445 152.159 152.455 153.178 153.221 153.735 154.134 154.919 155.218 155.519 155.641 155.873 156.358 156.885 157.051 157.716 157.748 158.388 158.852 158.964 159.163 159.462 159.67 159.85 160.324 161.072 161.169 161.344 161.764 161.817 161.885 161.986 162.335 162.693 162.708 163.192 163.67 163.721 164.004 164.131 164.576 164.765 165.195 165.733 166.055 166.56 166.6 167.134 167.175 167.878 167.97 168.14 168.479 169.275 169.427 170.132 170.274 170.452 170.866 171.394 171.402 171.79 172.126 172.305 172.336 172.404 172.813 173.189 173.536 174.183 174.49 175.08 175.203 175.28 175.723 176.201 176.384 176.734 176.928 177.434 177.579 178.093 178.399 178.487 178.72 178.829 179.084 179.85
#
Chords:
0.89346 3.33695 4.74313 7.48738 10.5969 13.5458 20.7017 25.7245 26.9485 32.6141 34.7124 40.3118 47.0449 49.1105 54.2959 55.5622 62.6334 65.2954 67.9765 74.0536 81.846 83.2474 90.4145 93.1827 96.1715 101.519 104.702 106.479 111.909 117.108 119.97 122.742 124.402 130.337 134.011 136.376 137.41 138.059 142.181 150.126 156.555 163.403 167.931 174.208 174.82
#
Structure:
3.61498 25.4189 29.0063 50.1529 50.6275 65.2114 67.9692 75.9327 76.6151 91.0955 91.8242 107.481 110.091 137.655 138.955 152.555 155.118 155.787
#
