RandomSegments:
1.90085 4.34562 6.46914 6.88714 7.39017 8.19796 11.1653 11.9235 12.2807 15.7375 19.2213 21.7522 24.2929 27.6953 28.4532 31.3294 31.8245 32.808 34.6415 37.3772 38.4079 38.9234 41.7002 45.2201 48.5567 51.9777 52.4787 54.1791 56.8934 58.0853 59.4724 59.881 62.3792 65.3715 69.0664 72.5307 73.5105 74.8568 77.7613 81.2767 84.6769 87.9008 88.578 92.2949 95.9227 96.2923 99.9707 103.196 103.582 106.065 106.416 107.155 110.903 114.301 116.085 117.944 118.502 122.379 123.937 127.043 128.051 129.897 133.524 134.782 136.6 140.018 142.711 143.564 146.62 149.119 152.38 154.308 157.142 157.988 160.509 164.217 167.553 169.122 170.142 172.797 173.298 176.819
#
Onsets:
1.357 1.587 2.208 2.576 4.531 7.429 9.89 10.12 11.592 12.811 13.041 13.432 13.777 14.283 16.215 16.951 19.389 24.656 25.139 28.658 29.877 32.2 48.162 61.088 63.043 75.463 79.028 87.055 104.236 104.719 104.995 114.471 115.23 118.381 120.359 124.982 126.178 135.93 143.727 147.637 159.321 160.563 162.886 163.254 167.509 168.36 170.315
#
Notes:
0.239708 0.588131 1.03636 1.45983 1.49656 1.61114 1.72874 1.99447 2.29055 2.81161 3.30235 4.01704 4.35445 4.8398 5.3396 5.90295 5.95002 6.31114 6.40233 7.14505 7.31107 7.56745 8.00918 8.59357 8.95349 9.15013 9.36479 9.65567 9.80527 9.96402 10.0232 10.6621 10.6922 11.4921 11.7978 11.9384 12.2946 12.8013 12.8629 13.5497 13.8722 14.6625 14.8203 15.1199 15.2368 15.6878 15.8406 15.8564 15.9309 16.0691 16.4136 16.7436 17.1546 17.2864 17.7801 18.3994 18.7622 18.9294 19.1432 19.3196 19.6326 19.7648 19.9922 20.6674 20.8984 20.9561 21.4012 22.0955 22.0981 22.7288 22.7966 23.3199 23.8012 24.0514 24.2192 24.8966 25.2331 25.4883 25.9376 26.2814 26.3091 27.0569 27.2003 27.9871 28.4708 28.7061 28.9461 29.6815 29.9938 30.7137 30.723 31.5015 31.624 31.8799 31.897 32.4903 32.7736 32.9787 33.0643 33.4958 33.696 34.1063 34.5108 34.7985 35.2348 35.9496 36.1937 36.37 36.6257 37.0786 37.5525 38.0937 38.5119 39.247 39.5874 40.21 40.5138 40.8668 41.0736 41.2811 41.4738 42.005 42.2123 42.4 42.6827 43.2303 43.2506 43.4003 43.669 43.9191 44.1312 44.5557 44.6197 44.9137 45.2691 45.6868 46.1787 46.3021 46.6777 47.3273 47.3519 47.8759 48.2026 48.5294 48.9274 49.2983 49.3513 49.6232 49.8046 50.6008 51.0363 51.6724 51.8008 51.804 51.9835 52.0033 52.3924 53.1417 53.4871 54.1129 54.5225 54.648 54.7235 55.1936 55.293 55.7486 55.9686 56.4447 56.5377 57.078 57.3946 57.6704 57.8541 58.3274 58.451 58.5959 58.8554 58.9059 59.0707 59.5651 59.8825 59.8833 60.3668 60.713 61.0979 61.5604 61.6235 62.2393 62.6669 62.9956 63.1114 63.1394 63.2082 63.8977 64.0894 64.78 64.9826 65.7761 66.0896 66.8401 67.1652 67.32 67.4074 68.1655 68.3299 68.3606 68.8568 69.221 69.657 69.9515 70.2763 71.051 71.3541 71.4821 71.9058 72.6939 73.0619 73.2226 73.4839 73.7253 74 74.078 74.5489 74.8368 75.0866 75.6116 75.9545 76.6875 76.8477 76.9792 77.4455 78.0991 78.5136 78.9947 79.4684 79.5932 79.8817 80.133 80.2243 80.703 80.7044 80.8529 81.3006 81.4227 81.5434 82.2074 82.5519 82.6889 82.8129 83.4878 83.9303 84.6178 84.8155 85.3301 85.3957 85.4575 85.5545 86.2945 86.3708 86.9401 87.0897 87.308 87.3328 87.6561 87.8839 88.6425 88.6695 89.3988 89.6674 89.9819 90.0539 90.7612 90.9315 91.3143 91.528 91.7995 91.9423 91.9622 92.3122 92.8052 93.1456 93.6522 93.6931 93.763 94.1174 94.3983 94.4688 94.7999 95.1949 95.3625 95.5676 96.0642 96.3032 96.4305 96.7816 97.4037 97.6764 98.0276 98.0919 98.5417 98.7495 99.4752 99.5915 99.9855 100.283 100.576 100.645 100.727 100.86 101.192 101.252 101.933 102.278 102.961 103.217 103.246 103.54 103.684 103.856 104.258 104.327 104.493 104.801 105.138 105.525 105.782 106.105 106.843 107.04 107.388 107.556 108.246 108.346 108.461 108.879 109.287 109.666 109.765 109.99 110.329 110.574 110.835 110.945 111.197 111.302 112.057 112.111 112.243 112.697 113.294 113.365 113.672 113.857 114.475 114.705 114.942 115.384 116.116 116.449 117.032 117.322 117.686 117.873 118.651 118.98 119.016 119.203 119.946 119.997 120.145 120.304 120.855 120.878 121.471 121.622 121.903 122.134 122.534 122.7 122.968 123.132 123.389 123.875 123.876 124.328 125.058 125.138 125.808 125.954 126.554 126.843 127.638 128.119 128.258 128.492 128.858 129.029 129.199 129.348 129.865 129.956 130.065 130.178 130.732 131.134 131.374 131.723 131.891 132.363 132.582 132.67 133.324 133.471 134.137 134.286 134.453 134.666 135.304 135.538 135.571 135.697 135.932 136.051 136.388 136.726 137.062 137.252 137.486 137.777 138.497 138.542 138.918 139.333 139.911 140.007 140.513 140.722 140.959 141.347 141.384 141.603 141.743 141.826 142.056 142.067 142.759 143.068 143.679 144.137 144.736 145.07 145.316 145.722 146.257 146.517 147.014 147.088 147.232 147.431 148.116 148.361 148.379 148.509 148.596 148.68 149.356 149.737 149.83 149.989 150.536 150.999 151.74 151.741 151.955 152.133 152.795 153.055 153.581 153.812 154.076 154.393 154.588 154.873 155.231 155.629 156.153 156.321 156.408 156.448 156.925 157.098 157.844 158.324 158.443 158.62 158.765 159.059 159.506 159.517 159.641 160.001 160.054 160.345 160.997 161.488 162.106 162.273 163.014 163.3 163.387 163.58 163.962 164.02 164.755 165.016 165.557 165.959 166.51 166.825 167.07 167.296 168.073 168.36 168.932 169.266 169.667 170.141 170.31 170.695 170.759 171.047 171.179 171.489 172.058 172.156 172.628 172.629 172.682 172.792 173.176 173.545 174.162 174.655 175.202 175.292 175.743 175.944 176.435 176.548 177.237 177.425 177.859 178.125 178.73 179.213 179.854
#
Chords:
5.97456 9.7685 14.3661 20.9907 27.8018 35.2571 40.9 44.175 51.5527 56.1209 57.8894 61.1888 63.4018 68.4019 70.07 74.5533 79.665 81.8281 88.8015 96.3749 97.0289 100.132 105.56 109.51 114.134 116.078 122.568 123.561 127.413 134.955 139.26 142.132 149.411 156.882 161.079 164.32 165.625 167.305 172.423
#
Structure:
3.35545 6.65877 8.86843 30.0718 32.2769 42.4899 45.5629 54.8503 55.1697 69.5713 73.4285 88.5343 89.6184 96.5272 99.7853 112.778 115.545 127.221 130.938 153.574 155.225 158.978 159.614 170.045
#
