RandomSegments:
3.88155 7.76242 10.471 13.2728 15.4553 17.1953 20.47 21.949 23.0481 25.3655 29.2105 31.8214 32.4513 33.7342 36.3952 38.4599 41.0047 42.1675 45.955 48.6204 51.8834 55.4501 57.4948 58.1536 61.63 64.6106 68.548 69.6364 70.9675 74.9521 75.4712 78.9352 79.6713 80.1629 82.5475 83.3964 85.0059 86.773 87.7004 88.0478 91.6827 94.8082 97.8655 98.6808 100.118 100.982 104.498 106.875 109.622 110.754 112.037 114.108 117.177 121.067 122.972 125.087 129.006 129.466 130.725 134.32 135.062 137.89 141.454 142.437 144.127 146.716 149.263 151.36 154.711 158.212 159.021 162.801 165.926 169.262 172.926 176.356
#
Onsets:
0.483 1.173 1.403 1.84 2.3 2.99 3.68 3.795 3.91 4.14 4.6 4.83 4.945 5.635 5.75 5.98 6.21 6.325 6.647 7.337 7.797 10.327 10.764 11.247 13.984 16.261 18.101 18.791 21.758 24.265 24.955 25.415 26.105 27.945 29.072 30.452 30.912 31.602 33.419 34.109 35.949 36.409 37.099 40.066 40.756 51.06 51.267 52.417 53.567 54.694 55.384 57.224 62.031 62.721 63.388 64.538 66.378 70.035 70.725 73.692 74.382 77.372 78.039 82.846 87.653 88.343 94.99 96.347 96.807 97.497 98.624 101.154 102.304 102.994 105.961 106.651 109.618 138.897 139.15 139.587 140.277 140.737 143.244 145.084 146.234 149.431 151.248 153.778 154.215 154.905 157.895 160.862 164.082
#
Notes:
0.284173 0.934095 1.24061 1.64287 2.03692 2.10052 2.21535 2.86112 2.95484 3.44907 3.64132 3.71974 4.14746 4.60553 5.0574 5.54563 5.76908 6.08882 6.4182 6.82876 7.13035 7.31324 7.61389 7.9586 8.216 8.85476 8.89528 8.98593 9.00287 9.60037 9.65207 9.88335 10.0038 10.4311 10.7724 10.957 11.3936 12.0202 12.4933 12.5453 12.8054 13.0588 13.1336 13.4192 13.9164 14.455 14.5812 14.5834 14.9737 15.2788 15.3882 16.1548 16.6405 17.2635 17.6085 18.2796 18.5781 19.0967 19.1946 19.9288 20.305 20.6744 20.9501 21.3958 21.6104 22.0164 22.3169 22.7982 23.0289 23.5742 24.0559 24.6691 24.9116 25.0959 25.5645 26.0047 26.1671 26.341 26.4498 27.0142 27.3685 27.3714 27.6644 28.3007 28.661 29.0736 29.1873 29.8843 30.3314 30.803 31.2164 31.8567 32.0346 32.1655 32.221 32.4397 32.9015 33.3907 33.881 33.903 34.186 34.9749 35.4238 35.6734 35.7385 36.1098 36.4499 36.5533 36.9243 37.539 37.719 37.9455 38.3391 39.0178 39.1499 39.7617 40.2014 40.6848 41.1701 41.5755 41.9355 42.6804 42.8293 42.8615 42.9895 43.6842 44.1765 44.2409 44.2636 44.3689 44.4767 44.9383 45.0541 45.705 46.0285 46.2354 46.253 46.6771 46.7234 46.8848 46.9714 47.6071 47.8688 48.2343 48.2859 49.0093 49.278 49.4885 49.7424 49.8339 50.3129 51.0172 51.4769 51.7876 52.1442 52.603 53.0508 53.4489 53.777 54.399 54.723 55.3305 55.571 56.3511 56.6176 56.7681 56.9632 57.2187 57.3741 57.6511 57.9861 58.4113 58.6997 59.2371 59.6529 59.736 59.8736 60.3263 60.5621 60.837 61.1852 61.2039 61.4585 61.6851 62.1194 62.1853 62.6649 63.4587 63.8327 64.537 64.9821 65.2381 65.2953 65.7696 66.1361 66.6184 66.9069 66.9387 67.2323 67.5233 67.8224 68.0124 68.3568 68.7877 69.2588 69.8036 70.1489 70.3546 70.5811 71.0888 71.5455 72.1178 72.4018 72.5729 72.6855 72.816 73.0535 73.4861 73.8376 74.2732 74.4326 75.0332 75.3998 76.0552 76.2357 76.3446 76.6992 77.0972 77.3481 77.5115 78.0014 78.3354 78.3709 79.1182 79.2217 79.4613 79.6064 79.6147 80.008 80.0936 80.2522 80.5062 80.7517 81.3468 81.4847 81.8652 82.3591 82.4579 82.5467 83.1047 83.3011 83.409 83.4812 84.0811 84.3372 84.7719 85.1887 85.4283 85.8924 86.1746 86.4128 86.7524 87.0477 87.5774 87.7941 88.2528 88.2847 88.7223 89.0586 89.6615 89.7056 90.5047 90.5448 90.7273 91.0343 91.3951 91.3974 91.8005 92.2807 93.0203 93.4934 94.2074 94.3369 94.5962 94.9923 95.3322 95.7502 96.4832 96.7383 97.0581 97.4032 97.8181 98.1688 98.4477 98.8096 99.1584 99.6189 100.177 100.617 101.153 101.24 101.969 102.391 102.739 102.981 103.291 103.527 103.939 104.424 105.144 105.438 105.824 105.965 106.663 106.819 107.083 107.513 107.696 107.994 108.408 108.858 108.986 109.024 109.025 109.229 109.655 110.137 110.324 110.474 110.681 110.708 111.279 111.732 112.043 112.336 112.396 112.799 112.973 112.993 113.208 113.419 113.558 113.856 114.551 114.66 115.291 115.464 115.483 115.973 116.391 116.871 116.939 116.961 117.528 118.002 118.372 118.802 119.151 119.24 119.804 120.239 120.727 121.114 121.418 121.426 121.427 121.488 122.073 122.499 122.943 122.977 123.541 123.858 124.448 124.944 125.196 125.354 125.516 125.98 126.73 127.137 127.593 127.784 128.193 128.449 128.914 129.391 129.568 129.743 130.085 130.342 130.869 131.098 131.509 131.51 131.529 131.87 132.242 132.518 132.819 133.297 133.807 133.853 134.227 134.688 135.418 135.449 135.612 135.948 136.01 136.22 136.425 136.451 136.886 137.184 137.861 138.064 138.641 138.897 139.099 139.202 139.826 140.026 140.071 140.285 140.396 140.636 141.167 141.222 141.548 141.67 141.78 142.274 142.36 142.574 143.263 143.574 144.315 144.504 144.565 145.023 145.65 146.128 146.785 146.994 147.413 147.722 147.956 148.137 148.517 148.934 149.083 149.475 150.015 150.288 150.301 150.636 150.683 151.053 151.826 152.097 152.384 152.811 153.05 153.224 153.239 153.324 154 154.056 154.784 155.179 155.684 155.784 155.864 156.091 156.195 156.531 156.925 157.296 157.467 157.74 158.216 158.669 158.919 159.153 159.31 159.783 160.437 160.74 160.944 160.987 161.194 161.318 161.923 162.085 162.322 162.806 163.469 163.568 163.596 163.99 164.714 164.929 165.508 165.615 165.783 166.088 166.36 166.656 166.931 167.204 167.305 167.633 167.828 168.076 168.533 168.875 169.145 169.58 170.29 170.386 170.479 170.783 171.203 171.467 172.223 172.656 173.241 173.395 173.713 173.799 174.361 174.406 175.091 175.448 175.735 175.825 176.389 176.841 177.049 177.05 177.747 178.192 178.757 179.214 180.005
#
Chords:
3.59229 4.44455 6.90246 11.5211 16.0706 20.8048 23.658 29.0704 30.9996 34.718 36.0326 40.9667 48.67 54.8753 55.8212 58.5313 59.0645 64.8045 68.5755 72.0138 77.2788 79.4959 80.0545 87.2582 90.4769 96.1752 101.485 102.19 106.638 110.962 113.413 121.266 123.151 124.71 125.757 132.6 136.153 142.906 146.952 151.525 156.78 158.531 162.929 163.434 165.86 173.394
#
Structure:
2.73568 7.15232 9.23783 29.2381 30.2279 45.1029 45.7302 55.338 58.5241 81.0385 82.6076 97.6236 101.389 108.033 109.527 110.735 114.23 137.165 140.136 166.663 169.241 171.353
#
