RandomSegments:
1.55565 2.74895 3.41198 4.58281 4.93363 7.72122 9.95822 12.3486 16.0834 16.5919 18.6472 22.4407 24.4868 25.7155 29.0008 29.3759 31.7354 33.7299 36.2553 40.2299 43.3326 47.0705 49.8559 50.9549 51.7507 54.3712 55.4342 57.1874 58.4658 59.6818 61.1945 61.5939 63.8327 66.0144 69.4564 70.7849 71.5998 72.3229 72.6517 76.2216 76.6982 78.1042 80.1052 81.5228 82.1829 83.7992 85.2655 88.2669 90.8346 91.358 93.4936 94.3733 97.8727 99.6221 100.651 101.337 103.367 105.363 108.367 109.467 110.67 111.107 113.408 114.99 117.434 120.051 122.793 124.231 127.512 129.392 131.165 134.911 137.576 138.435 140.733 143.267 144.329 144.879 148.259 151.975 154.826 155.828 156.299 158.985 159.749 160.096 161.839 164.214 165.919 168.828 171.197 173.277 176.68 177.582 178.623
#
Onsets:
0.184 5.773 6.095 7.36 8.326 8.648 9.614 9.936 18.86 20.171 39.353 44.114 55.982 95.634 98.187 117.369 121.21 127.282
#
Notes:
0.421903 1.08594 1.12274 1.87816 2.07948 2.63403 2.98159 3.7471 3.84936 4.1345 4.50198 4.53379 4.77161 5.25372 5.73381 5.76948 6.12083 6.39857 6.89774 7.27229 7.65083 7.96314 8.31552 8.69598 8.92131 9.62156 9.82882 10.044 10.0712 10.7564 11.1868 11.5533 11.959 12.6685 12.6883 13.1603 13.6476 13.6698 14.0722 14.465 14.6663 14.8178 15.0531 15.5188 15.6392 15.8058 15.909 16.5648 16.9273 17.3796 17.632 17.9674 18.2837 18.4081 18.6582 18.6739 18.8823 18.8902 19.1032 19.4567 19.7337 20.0385 20.5305 21.0917 21.1582 21.234 21.6909 22.0328 22.1446 22.6055 22.8756 23.152 23.1759 23.5407 23.8303 24.6176 24.8635 24.9937 25.4866 25.6913 26.1839 26.5101 26.5724 26.6296 26.7704 27.5457 27.5671 28.0832 28.1689 28.7132 28.7776 29.2928 29.6206 29.645 30.1136 30.7855 31.0932 31.3196 31.5487 31.8852 32.1386 32.551 32.8612 33.3517 33.4074 33.8021 33.9518 34.5758 35.0135 35.6344 35.9438 36.4568 36.8908 37.6665 38.0779 38.7016 39.1466 39.5657 39.8179 39.8868 40.2684 41.0598 41.2923 41.5324 41.6996 41.8041 42.3009 42.5427 42.6536 43.3035 43.7237 43.9758 44.395 44.4384 44.7735 45.3083 45.6685 45.8043 45.9423 46.1708 46.518 46.8296 46.9955 47.4319 47.8895 48.591 49.0764 49.6201 49.7699 50.205 50.6866 50.9724 51.1712 51.6277 52.0188 52.5122 52.6229 52.6531 52.8201 53.4591 53.4948 53.9544 54.2722 54.7822 55.2263 55.5716 55.6825 55.8161 55.895 56.6032 56.8831 57.3612 57.8155 58.1155 58.2447 58.9002 59.3122 59.5419 59.7149 60.2659 60.2704 60.8975 61.0995 61.7033 61.9214 62.3935 62.8107 63.2758 63.5776 63.6898 63.7118 63.9683 64.1884 64.9825 65.3947 65.951 66.4426 67.1775 67.5335 67.5698 68.0019 68.4582 68.7622 69.2378 69.3042 69.4134 69.6321 70.1082 70.3322 71.0436 71.1097 71.514 71.6004 71.6248 71.9836 72.6684 72.8668 73.4619 73.8531 74.6233 74.8359 75.5214 75.5794 75.6922 76.072 76.0889 76.4856 76.9481 77.0009 77.6545 77.8973 78.3146 78.5321 79.082 79.2243 79.9727 80.2922 80.379 80.7864 81.0151 81.4139 82.1363 82.5962 83.0837 83.3843 83.4655 83.816 84.2318 84.7084 84.9164 85.0126 85.2613 85.4041 85.9147 86.1393 86.7901 87.0992 87.2155 87.3836 87.5085 87.9557 88.3238 88.7201 88.7961 89.1074 89.2911 89.7206 89.7696 89.9472 90.553 90.674 91.1432 91.1625 91.2263 91.5787 91.7881 92.1689 92.8453 92.8743 93.5828 94.0509 94.7687 94.7875 95.5534 95.7739 96.5468 96.9708 97.1095 97.4896 97.7957 98.1215 98.1863 98.5088 98.6787 99.0734 99.5104 99.6779 100.255 100.259 100.414 100.847 101.311 101.55 101.928 102.175 102.736 103.181 103.585 103.974 104.088 104.287 104.587 104.753 105.509 105.858 105.869 106.272 106.554 106.566 106.836 106.879 107.103 107.276 107.905 108.059 108.435 108.704 109.454 109.772 109.948 110.354 110.623 110.829 110.913 111.006 111.166 111.488 111.954 112.096 112.225 112.439 113.163 113.281 113.833 113.975 114.157 114.636 114.936 115.408 115.683 115.98 116.542 116.869 117.603 117.819 118.206 118.452 118.98 118.985 119.472 119.848 120.097 120.478 120.696 121.14 121.854 122.322 122.57 122.63 122.684 122.736 123.405 123.48 123.539 124.037 124.689 124.734 124.81 124.814 125.387 125.429 125.84 125.881 126.64 126.977 127.703 127.866 128.002 128.233 128.424 128.463 128.614 128.64 128.732 129.106 129.562 129.986 130.414 130.517 131.014 131.37 131.397 131.881 132.615 132.632 133.13 133.133 133.144 133.247 133.594 133.817 134.212 134.264 134.64 135.099 135.127 135.386 135.698 136.124 136.623 136.691 137.249 137.511 137.977 138.014 138.236 138.276 138.735 138.986 139.507 139.697 139.882 140.07 140.78 141.232 141.688 142.102 142.55 142.799 143.465 143.588 144.112 144.252 145.007 145.28 145.959 146.178 146.342 146.698 146.727 146.849 147.17 147.215 147.661 147.679 148.457 148.711 149.498 149.726 150.056 150.415 151.132 151.505 151.926 152.031 152.484 152.658 153.252 153.722 154.456 154.764 154.844 155.331 155.899 156.358 156.427 156.727 156.983 157.426 158.208 158.676 158.719 158.788 159.46 159.74 160.036 160.14 160.805 160.904 161.659 162.156 162.953 162.959 163.724 163.974 164.108 164.344 164.779 164.847 164.98 165.193 165.807 166.01 166.749 166.907 166.966 167.053 167.63 167.688 168.157 168.361 168.489 168.504 168.645 168.933 168.982 169.198 169.772 170.043 170.767 170.842 171.163 171.27 171.281 171.563 172.002 172.372 172.453 172.744 173.398 173.658 173.939 173.942 174.106 174.516 175.072 175.247 175.852 175.99 176.333 176.634 176.935 176.965 177.635 178.128 178.666 178.669 179.444 179.569 179.743
#
Chords:
6.32224 12.904 13.713 18.5315 19.8663 21.4111 25.6221 30.4728 38.1604 39.8085 43.1923 46.1716 52.7417 54.8078 60.1314 64.5435 69.5666 76.999 82.1102 82.8159 87.0407 94.9576 97.3296 101.158 108.15 110.811 113.97 117.915 124.52 128.76 132.505 136.487 144.298 150.885 152.441 155.193 162.323 169.846
#
Structure:
1.95013 9.2114 12.1557 41.4608 43.8585 63.5896 64.8822 78.372 79.4498 79.7117 80.9346 82.0635 85.9464 94.7202 98.4892 119.905 120.058 127.274 128.583 153.353 153.498 178.799
#
