RandomSegments:
1.8069 2.95187 5.88784 8.87507 12.3657 15.2347 17.9734 19.5274 20.5952 22.695 25.4695 27.7844 30.7072 31.602 33.793 34.9082 37.7128 39.7146 41.6256 44.4673 46.4065 46.7409 47.8056 48.943 52.6894 53.8274 55.9861 58.1933 60.2796 62.3354 64.7712 66.023 66.6426 70.6097 73.1369 76.3605 79.1644 81.772 84.2228 88.0647 90.7721 94.4132 95.6734 96.0356 97.303 99.3993 103.094 106.63 107.102 109.238 111.275 113.128 116.918 120.194 123.319 124.53 125.767 128.871 131.005 133.299 133.989 135.837 138.5 140.312 142.753 146.074 149.325 151.303 152.12 153.401 155.153 158.534 160.874 162.142 162.739 165.366 169.014 169.344 170.82 174.02 177.804 178.411
#
Onsets:
1.449 2.392 2.99 3.335 3.933 4.876 5.221 5.819 6.164 7.567 9.591 10.534 10.902 11.477 12.443 13.087 13.363 13.754 14.306 14.697 14.881 15.249 16.583 19.044 20.355 20.93 30.728 34.523 34.845 36.041 37.927 39.813 41.699 43.585 43.953 45.471 47.127 47.725 50.554 52.44 65.665 67.551 69.437 87.63 87.86 88.09 88.32 89.608 101.913 104.029 107.709 108.146 108.859 109.365 129.513 133.193 139.311 139.679 152.536
#
Notes:
0.194388 0.439659 0.586087 0.897913 1.20145 1.92564 2.04482 2.70341 2.71073 2.71542 3.02748 3.52994 3.84865 4.05205 4.47387 4.57966 4.81299 5.01373 5.44924 5.91796 6.2854 6.96533 7.46057 7.53865 7.90466 8.57177 8.76942 9.53988 9.76216 9.86058 9.95402 10.5882 10.987 11.1254 11.5281 11.8035 12.1945 12.7694 12.9814 13.3548 13.4786 13.8944 14.0622 14.112 14.4336 14.6456 15.0794 15.456 15.6991 15.9314 16.3563 16.5054 16.9253 17.1402 17.227 17.4736 17.766 18.1853 18.4199 18.9285 19.3082 19.415 19.6306 20.2793 20.6572 21.028 21.4425 21.7762 22.1013 22.3461 22.7097 23.0611 23.2855 23.496 23.9731 24.7645 25.0304 25.4653 25.6351 26.2022 26.2394 26.8956 27.2785 27.8784 28.2434 28.4917 28.7676 29.3604 29.5362 30.1224 30.2267 30.7463 30.7648 31.0019 31.0496 31.8001 31.9397 32.2443 32.2471 32.9913 33.2398 33.2886 33.397 34.0248 34.3928 34.4999 34.5179 35.3087 35.7162 36.3596 36.5434 37.1622 37.5127 38.0593 38.2295 38.52 38.7169 38.9249 39.1856 39.5501 39.6013 39.9998 40.3741 41.0536 41.55 42.123 42.1807 42.6744 42.8194 43.146 43.2134 43.8023 43.8093 43.9364 44.245 44.7081 44.7743 45.0233 45.1705 45.307 45.5125 45.9463 46.304 46.8023 47.1726 47.1757 47.4009 47.917 48.03 48.1763 48.244 48.6787 49.086 49.1977 49.388 49.8773 50.2512 50.4744 50.5162 50.7736 51.0818 51.3304 51.4163 51.5916 51.7411 52.1858 52.3408 53.0832 53.3675 53.5714 53.871 54.0128 54.3351 54.3625 54.764 54.9612 55.1988 55.3487 55.4136 56.0098 56.0235 56.7642 56.816 56.917 57.1024 57.3091 57.5851 58.2599 58.6749 59.1966 59.3204 59.7661 60.2627 60.3704 60.4845 60.7198 61.148 61.9396 62.1057 62.8821 63.3222 63.8875 64.3752 64.5207 64.6437 64.9142 65.2677 65.7999 65.8459 66.5825 66.8665 67.1419 67.1449 67.2387 67.6341 67.9205 68.2009 68.7899 69.2231 70.0104 70.0967 70.3239 70.5801 71.2678 71.2984 71.464 71.75 72.0762 72.3745 73.1574 73.3461 74.0464 74.4512 75.0024 75.3052 76.0159 76.1921 76.4266 76.5066 77.2514 77.5941 77.7317 77.7871 78.3107 78.6979 78.8312 78.9407 79.2795 79.3193 79.9087 79.9506 79.9531 80.0112 80.3348 80.554 81.1916 81.3754 81.4848 81.7983 82.2287 82.6467 83.3052 83.703 84.3774 84.3803 84.7852 85.1988 85.625 85.8785 86.294 86.5695 86.6711 86.7989 86.9511 87.0813 87.4169 87.5934 87.8049 87.8379 88.2689 88.5336 89.097 89.1574 89.479 89.6824 89.7019 89.8235 90.5977 90.7805 91.4316 91.9184 92.0733 92.2222 92.7058 93.0023 93.0863 93.0982 93.6926 93.7601 94.4653 94.7951 95.1298 95.5925 95.8868 96.2412 96.6461 96.984 97.7149 97.7986 98.1046 98.4379 99.1986 99.4078 99.6995 99.7243 99.8946 99.9933 100.742 101.142 101.144 101.351 101.679 101.853 102.185 102.24 102.389 102.604 103.344 103.506 103.719 103.809 103.996 104.078 104.217 104.709 105.348 105.777 106.523 106.608 107.362 107.388 107.607 107.612 108.363 108.443 109.024 109.073 109.873 109.896 110.466 110.785 111.235 111.626 111.926 112.248 112.867 113.272 113.44 113.755 114.231 114.369 114.548 114.932 115.265 115.658 116.257 116.299 116.778 116.989 117.436 117.795 118.471 118.591 118.97 119.342 119.992 120.03 120.089 120.416 121.102 121.562 122.13 122.601 122.873 123.191 123.548 124.003 124.302 124.471 124.552 124.634 124.989 125.064 125.099 125.53 126.165 126.51 127.221 127.342 128.12 128.133 128.744 128.965 129.355 129.545 129.783 129.87 130.599 130.795 131.58 131.708 132.038 132.132 132.181 132.46 132.507 132.537 133.045 133.221 133.898 133.92 133.974 134.306 134.966 135.031 135.381 135.673 135.875 136.102 136.199 136.261 136.391 136.493 136.653 136.967 137.182 137.445 138.118 138.245 138.733 138.855 139.092 139.393 140.051 140.364 140.915 141.404 141.784 141.802 141.994 142.159 142.446 142.786 142.863 143.071 143.174 143.323 143.64 143.743 143.92 143.948 144.549 144.58 144.931 145.125 145.77 146.127 146.226 146.291 147.079 147.38 147.629 147.961 148.083 148.357 148.977 149.189 149.418 149.598 149.898 150.125 150.796 150.977 151.463 151.666 152.431 152.613 153.232 153.557 153.71 153.791 154.312 154.753 155.452 155.468 155.55 156.014 156.652 156.802 157.212 157.24 157.548 157.793 158.153 158.457 159.227 159.277 159.67 159.754 160.021 160.28 160.739 160.797 161.027 161.089 161.745 162.139 162.296 162.352 162.52 162.561 162.863 162.884 162.906 163.271 163.553 163.892 164.283 164.318 164.859 164.926 165.267 165.555 165.944 166.367 166.76 167.219 167.557 167.771 168.348 168.775 168.851 169.309 170.047 170.406 170.989 171.212 171.816 172.217 172.336 172.792 173.526 173.726 174.359 174.652 174.948 175.345 176.02 176.166 176.934 177.42 177.598 177.661 177.975 178.158 178.563 178.691 179.437 179.617 180.021
#
Chords:
1.81817 4.96023 7.95833 12.5445 19.7353 20.7467 27.9181 34.9169 40.243 45.2158 46.9403 53.854 55.0535 59.0241 63.4846 64.2458 66.5013 70.7116 75.6102 82.4424 86.7678 91.6117 96.0101 101.855 103.962 108.925 116.298 122.047 123.995 127.688 130.884 137.812 141.225 145.153 149.825 157.569 159.932 163.954 166.625 173.18
#
Structure:
1.95709 7.26731 10.8737 16.7498 20.4071 33.5783 37.0706 64.1133 65.1544 66.5589 66.612 93.2821 93.9869 104.558 108.031 114.474 118.123 143.634 146.513 153.538
#
