RandomSegments:
0.666533 4.28092 7.54661 10.5314 14.3201 14.9232 17.1258 19.2848 22.1082 23.1939 25.0091 28.8854 32.184 33.7885 34.6393 35.1602 36.2894 37.1479 38.475 39.4185 40.3238 41.1291 44.971 45.5625 46.0726 47.539 50.8058 53.0979 54.4842 58.3764 59.0407 62.2041 64.2177 64.8079 65.827 67.7093 68.3265 69.4927 71.0166 72.0065 73.6735 75.8582 78.77 81.7273 82.1156 82.9162 83.3897 83.9851 86.7332 88.5982 90.6507 91.8846 95.2145 98.5738 102.33 106.177 106.945 109.303 113.28 115.137 117.889 120.568 121.828 122.917 123.286 126.801 127.911 131.425 132.123 134.135 137.319 139.062 140.289 144.175 145.518 147.034 149.439 150.474 151.797 154.258 155.34 158.1 161.511 163.947 165.933 167.751 170.705 174.561 175.621 178.283 178.787
#
Onsets:
22.333 31.487 32.407 34.04 34.914 35.144 35.604 36.064 39.261 40.641 41.078 42.918 43.378 49.565 49.795 50.945 52.394 53.912 55.729 57.569 58.029 58.489 61.686 63.365 66.263 68.54 70.38 71.76 72.68 73.577 80.914 83.168 101.959 102.879 105.156 116.15 117.507 123.464 127.121 134.458 135.608 141.749 142.232 143.129 143.612 154.123 157.573 158.24 160.08 165.094 167.854 171.051 172.431 174.708
#
Notes:
0.461592 0.494845 0.514362 0.834513 1.09519 1.29409 1.38444 1.69156 1.81775 2.04535 2.32534 2.53677 2.59724 2.9621 3.35887 3.42174 3.84868 4.30291 4.30966 4.54497 5.02388 5.72256 6.04116 6.54066 6.98889 7.52484 7.6293 8.13186 8.59057 9.34384 9.3916 9.99044 10.2711 11.037 11.1953 11.9528 12.1448 12.3294 12.4746 12.9463 13.407 14.005 14.3939 14.988 15.2038 15.8966 16.2986 16.7223 16.9441 17.5826 18.0028 18.5735 18.8941 18.9561 18.9696 19.0903 19.1502 19.8855 20.2446 20.4715 20.7421 21.444 21.5095 21.7635 21.8736 22.4428 22.6315 22.8293 23.1668 23.8544 24.1871 24.4942 24.8296 25.1746 25.6471 26.0782 26.2233 26.3239 26.715 27.1351 27.1644 27.946 28.3187 28.4197 28.7489 29.0186 29.059 29.2149 29.3456 29.3476 29.8278 29.8534 29.86 30.5707 30.6123 31.1785 31.5278 31.6535 32.11 32.4912 32.5507 32.7188 32.8837 33.6399 33.747 34.1041 34.5939 34.7126 34.9431 35.0982 35.1499 35.3008 35.5893 36.1674 36.2293 36.708 36.7391 37.3335 37.7213 37.7822 38.0881 38.3257 38.3538 38.9613 39.4239 39.7826 40.1731 40.7203 41.1964 41.7387 41.7495 42.2221 42.2709 42.5824 42.689 43.2763 43.4867 43.8343 43.9376 44.6159 44.7977 44.8455 44.8699 45.6111 45.6267 45.7747 46.1628 46.944 47.2251 47.5593 48.0564 48.3728 48.6821 49.2498 49.5168 49.6232 49.8859 49.936 50.4154 50.6492 50.6955 50.8469 50.9505 51.2125 51.5363 51.9646 52.0406 52.4341 52.5923 53.0474 53.2253 53.7815 53.819 54.4142 54.8175 55.1574 55.4632 55.499 55.954 56.6653 56.9271 57.3388 57.6018 57.6298 58.0727 58.616 58.7796 59.2606 59.6199 59.8338 59.9625 60.6508 60.8443 60.9546 61.1447 61.3092 61.5408 62.1944 62.6386 62.8317 62.8731 63.316 63.5986 64.0221 64.1859 64.4249 64.6601 65.1819 65.5138 65.9251 65.9944 66.5908 67.0748 67.2498 67.2831 67.4094 67.4961 67.6367 68.0245 68.3397 68.3724 68.8767 68.9887 69.786 69.916 70.3172 70.7457 71.166 71.6128 71.9608 71.9964 72.2255 72.2545 72.7543 72.9429 73.7195 73.9748 74.6205 74.6409 75.3268 75.672 75.9413 76.1823 76.7713 77.0581 77.6548 77.7638 77.9309 78.1296 78.6899 79.003 79.4207 79.8121 80.4125 80.5685 81.0413 81.1873 81.8185 81.9989 82.2931 82.7659 83.2625 83.3901 83.5599 83.9283 84.3672 84.7381 85.075 85.4093 85.7163 85.9283 86.3853 86.5599 87.1893 87.3723 88.039 88.3764 88.6513 88.8952 89.6261 89.9415 90.17 90.1856 90.8079 91.1801 91.3862 91.8268 92.4785 92.5881 92.6207 92.6311 93.1074 93.2479 93.7579 94.2088 94.9171 95.3017 95.8007 95.8078 95.8584 96.1101 96.2496 96.466 96.9503 97.1781 97.7145 98.0261 98.6581 98.7889 99.0212 99.1664 99.39 99.4409 99.8372 100.112 100.7 100.939 101.59 101.689 101.785 102.252 102.915 103.101 103.782 103.892 104.515 104.704 105.067 105.548 106.092 106.57 107.259 107.445 107.73 108.123 108.166 108.656 108.916 109.162 109.274 109.765 110.481 110.955 111.43 111.528 111.868 111.941 112.539 112.626 112.714 112.93 113.123 113.366 113.57 113.748 114.198 114.565 114.862 115.342 115.618 115.758 115.818 116.187 116.636 116.781 116.89 116.945 117.175 117.2 117.695 118.003 118.164 118.232 118.633 118.975 119.318 119.545 120.104 120.2 120.962 121.296 121.995 122.327 122.48 122.521 123.284 123.445 124.192 124.42 125.037 125.448 125.665 126.086 126.65 127.115 127.665 128.128 128.733 129.201 129.974 130.448 131.209 131.233 131.287 131.63 132.014 132.33 132.836 133.123 133.504 133.737 133.95 134.182 134.866 135.305 135.52 135.561 135.633 135.644 136.407 136.744 137.037 137.065 137.243 137.703 138.496 138.755 139.195 139.498 139.887 140.236 140.255 140.313 140.516 140.639 141.134 141.257 141.444 141.861 142.132 142.336 142.692 142.767 143.077 143.434 144.11 144.592 144.632 144.634 144.922 145.232 145.544 145.71 146.169 146.495 146.873 147.348 148.057 148.5 148.69 148.848 149.349 149.722 150.266 150.339 151.13 151.165 151.577 151.621 151.779 151.897 152.663 153.148 153.809 154.227 154.864 154.979 155.504 155.865 156.18 156.44 157.235 157.574 158.208 158.222 158.901 159.155 159.615 159.875 160.577 160.99 161.487 161.832 162.241 162.404 162.75 163.148 163.266 163.663 163.819 163.889 164.56 164.903 165.054 165.264 165.561 165.821 166.423 166.661 166.775 167.202 167.552 167.785 168.384 168.469 168.864 168.874 169.408 169.623 169.915 170.102 170.887 171.158 171.438 171.451 171.856 172.154 172.205 172.69 172.895 172.94 173.646 174.14 174.662 175.135 175.138 175.182 175.47 175.772 176.012 176.3 176.446 176.929 177.415 177.826 178.558 178.798 179.282 179.391 179.829
#
Chords:
6.01943 10.8278 16.4167 19.2683 24.6297 26.4828 32.3027 33.1339 40.2334 44.7578 49.1569 56.2251 63.4308 64.4635 71.5273 78.5197 86.2377 87.7654 93.5903 99.5308 106.795 114.26 114.814 117.651 119.854 121.466 125.116 132.248 132.752 137.62 139.387 143.931 145.63 147.946 150.3 156.2 161.252 163.43 167.393 169.522
#
Structure:
0.839869 19.3854 22.6031 43.6105 43.9623 70.4356 72.7431 99.9808 100.893 105.682 108.46 125.999 127.914 141.618 145.524 153.069 156.429 174.001
#
