RandomSegments:
3.11822 5.71205 7.69013 11.3745 13.8367 14.5025 16.4138 20.167 24.068 26.5314 27.0608 29.8724 31.0255 32.1525 33.3218 37.0433 37.7091 38.376 39.6746 41.912 42.6654 45.8226 47.616 49.802 51.8227 53.8019 55.5722 59.2557 61.7282 64.2337 67.8332 69.34 72.2045 73.1664 75.9457 78.9293 80.5242 82.5848 84.6844 87.3 88.295 90.7399 93.3098 93.8147 94.432 96.4672 99.6116 101.404 104.481 108.099 110.518 113.299 113.949 117.515 118.541 119.396 120.871 121.507 123.125 123.684 124.362 127.886 129.33 130.492 133.838 135.075 135.4 136.355 137.343 140.084 140.619 144.242 145.239 147.91 150.782 153.509 156.865 158.607 159.967 163.6 165.505 167.05 170.085 173.54 174.138 176.633 177.898
#
Onsets:
0.506 0.851 1.196 1.909 2.139 2.369 2.714 3.082 4.255 4.6 4.945 5.658 5.888 6.118 6.831 9.154 9.637 9.867 10.557 10.81 11.04 11.5 11.73 12.443 12.673 12.903 13.386 13.616 14.26 16.192 17.135 17.365 18.538 18.883 18.998 19.228 19.941 20.171 20.884 21.091 22.287 22.747 22.954 23.92 24.863 25.783 26.726 31.418 33.649 34.201 35.167 36.087 37.03 37.973 44.505 47.288 49.68 52.026 52.969 54.257 56.465 59.041 62.33 63.273 76.383 77.326 78.246 78.614 79.189 80.109 81.075 85.744 86.457 86.687 87.63 88.527 89.493 90.206 90.436 91.379 92.276 94.185 97.934 100.97 102.879 107.295 111.987 112.217 112.332 112.677 113.62 114.218 114.563 114.793 118.542 119.485 132.595 133.538 140.967 146.648 147.591 148.511 150.397 154.146 156.929 157.895 159.758 160.701 162.541 163.507 164.45 165.37 167.256 168.199 169.119 170.062 171.005
#
Notes:
0.458785 0.886093 1.26063 1.55102 1.99456 2.22743 2.44198 2.94468 3.29474 3.65339 4.10177 4.27917 4.5229 5.09382 5.20799 5.86008 5.87544 6.55568 6.71079 7.28735 7.77711 8.29709 8.31977 9.03659 9.51744 9.69952 9.99616 10.6757 11.1717 11.5078 11.6575 12.0388 12.082 12.5375 12.7725 13.0617 13.305 13.6828 14.0073 14.4628 14.6644 15.2856 15.5625 15.9359 16.2769 16.7619 16.924 17.402 17.553 18.1104 18.2319 18.3492 18.4025 19.0588 19.3506 19.3696 19.7095 20.3374 20.7072 20.7842 21.1702 21.798 21.946 22.4297 22.5184 22.8289 22.9257 23.1582 23.3963 24.1472 24.4711 24.6865 24.9579 25.4825 25.9692 26.1101 26.2241 26.3943 26.8819 27.3799 27.4403 27.5001 27.5298 27.9191 28.318 28.6202 28.9806 29.0409 29.2729 29.7768 30.0589 30.6073 30.8042 30.8171 31.0747 31.5528 31.5897 32.0603 32.2487 32.2738 32.505 32.6012 32.7941 32.8717 33.0023 33.7309 34.197 34.4129 34.7201 34.9721 35.0156 35.3545 35.4227 35.6512 35.7042 36.4643 36.8021 37.3663 37.645 38.4438 38.8049 39.4369 39.5539 39.8463 40.2776 40.5564 40.8082 40.8617 40.9575 41.0967 41.225 41.3219 41.3635 41.6461 41.6984 42.1613 42.2768 42.8944 43.3884 43.6481 43.8293 44.3096 44.7326 45.2852 45.5502 45.5794 45.835 46.1567 46.3537 46.4272 46.6653 47.3826 47.5789 48.1382 48.4872 48.9197 49.0272 49.7656 49.8097 50.4341 50.6725 51.1171 51.5431 52.146 52.1498 52.8538 53.0172 53.3339 53.6625 54.3637 54.6036 55.0619 55.0738 55.6043 55.9646 56.1802 56.1871 56.5397 56.6319 56.9238 57.2425 57.8292 57.8993 57.9232 58.396 58.5539 58.8966 59.114 59.3734 60.0025 60.1914 60.7213 60.9251 61.3652 61.8467 62.4696 62.9377 63.6171 64.0452 64.3547 64.492 64.7061 64.9702 65.6932 65.7841 65.7866 66.0167 66.1464 66.562 66.5766 66.9848 66.9976 67.0585 67.6438 67.8907 68.5424 68.7335 69.1584 69.5122 69.733 70.1692 70.8831 71.2641 71.8986 72.3948 72.6988 72.7844 73.346 73.6465 73.8992 74.2882 74.725 74.9004 75.2161 75.2334 75.9231 76.1487 76.1705 76.218 76.6397 77.0181 77.5743 78.0136 78.1656 78.4629 78.5385 78.9201 79.5788 79.6961 79.9784 80.0067 80.748 80.9511 81.0314 81.4876 81.8147 82.2008 82.7405 83.1598 83.709 84.0912 84.2841 84.5135 84.5327 84.8744 84.9651 85.3061 85.8258 86.0645 86.1031 86.5714 87.1149 87.163 87.806 88.1184 88.4201 88.8374 89.4266 89.6541 90.2819 90.5655 91.1427 91.5457 91.748 91.8888 92.0299 92.4206 93.1427 93.5519 93.9272 93.982 94.4224 94.5327 94.9267 95.1999 95.302 95.6029 96.1515 96.6188 96.7178 97.1866 97.4145 97.7037 97.7754 98.1189 98.1848 98.2294 98.8087 99.1344 99.5168 99.6958 100.163 100.65 100.732 101.137 101.89 102.235 102.869 103.17 103.829 104.196 104.36 104.815 105.43 105.828 106.502 106.987 107.243 107.727 108.351 108.369 109.008 109.278 109.968 110.416 110.724 111.172 111.713 111.757 111.784 112.227 112.264 112.535 112.744 113.035 113.328 113.681 113.947 114.377 114.798 115.243 115.945 116.271 116.856 117.327 117.705 117.878 118.657 119.127 119.303 119.388 119.765 119.773 120.449 120.461 121.111 121.131 121.411 121.724 121.832 121.941 122.554 122.759 122.818 122.996 123.009 123.034 123.666 124.121 124.463 124.482 125.174 125.394 126.134 126.253 126.494 126.843 127.203 127.582 127.959 128.431 128.915 128.982 129.173 129.514 129.584 129.664 129.723 129.949 130.687 130.84 131.174 131.601 131.63 131.695 131.775 131.992 132.153 132.435 132.483 132.793 133.495 133.754 133.911 134.077 134.864 135.209 135.669 135.892 136.006 136.483 137.143 137.524 137.848 138.006 138.782 139.092 139.1 139.476 139.866 140.291 140.45 140.9 141.61 141.69 142.182 142.67 143.126 143.471 143.732 144.154 144.366 144.775 145.571 145.879 146.534 146.995 147.178 147.545 148.041 148.158 148.68 149.121 149.47 149.691 150.258 150.607 151.374 151.476 152.078 152.393 153.038 153.153 153.499 153.948 154.198 154.236 154.981 155.441 156.11 156.268 156.315 156.386 157.107 157.238 157.835 158.175 158.924 159.35 160.142 160.457 161.183 161.63 162.218 162.48 162.968 163.129 163.738 164.137 164.86 165.152 165.238 165.568 166.117 166.556 166.58 166.743 167.44 167.601 167.657 168.133 168.259 168.654 168.829 168.951 169.647 169.895 170.5 170.545 171.071 171.091 171.695 171.778 172.034 172.054 172.694 173.141 173.587 173.595 174.365 174.697 175.426 175.772 176.195 176.565 177.117 177.291 177.738 178.109 178.224 178.426 179.041 179.095 179.652
#
Chords:
6.34193 6.85223 9.49806 14.9258 16.3585 22.2294 24.6635 27.3116 34.7438 37.3834 41.9647 48.0526 53.799 55.765 56.5445 63.0427 65.9282 72.7103 73.8148 77.1049 82.5581 84.07 89.891 93.6945 94.4749 101.84 107.286 112.59 116.959 121.651 126.267 129.336 135.903 143.543 145.097 149.276 156.429 159.026 160.211 168.06 175.803
#
Structure:
3.65465 26.8521 29.055 52.9821 56.483 57.0662 58.9082 58.9082 62.2753 70.9878 72.8186 91.149 91.5538 107.566 110.633 118.343 119.848 128.104 129.017 148.824 149.888 177.431
#
