RandomSegments:
1.25529 3.55722 4.08317 6.86241 7.2043 11.0455 12.4142 12.9124 13.8715 17.694 19.7558 20.0581 23.0727 24.5711 26.9413 28.0191 30.3764 30.7251 32.8508 36.8181 39.7148 41.4993 45.4258 46.4584 47.5828 51.5293 52.0821 54.4546 57.7319 60.2098 61.0739 64.3675 64.7015 67.7987 69.5906 71.7816 73.5672 75.7164 76.6138 76.956 78.5253 78.991 80.4967 82.2604 85.2691 88.2773 89.5629 93.0998 95.1472 98.1747 99.5615 101.718 105.539 108.652 109.756 112.355 113.811 115.371 115.755 119.633 122.862 126.705 127.733 130.999 134.7 137.097 140.137 140.502 143.925 146.957 148.686 151.187 153.655 154.099 154.646 156.168 158.216 161.586 162.463 163.635 166.033 166.789 168.998 171.229 172.81 175.567 179.138
#
Onsets:
15.433 15.594 15.732 15.893 16.675 16.997 17.457 17.618 17.94 18.4 18.86 19.343 20.286 21.045 21.206 21.367 21.528 21.689 22.149 22.31 22.609 23.092 24.955 25.116 25.438 25.898 26.335 28.198 30.084 31.947 33.833 35.696 60.996 67.551 97.842 98.463 100.349 110.653 116.265 120.014 123.763 130.939 133.124 133.906 134.688 135.631 138.437 139.38 142.186 142.508 150.926 151.869 152.812 155.618 156.561 165.899 169.648
#
Notes:
0.2125 0.92136 1.23466 1.8442 2.14475 2.86501 3.06289 3.62316 3.62478 3.76592 4.12357 4.53235 4.84483 4.89807 4.91364 5.59261 5.60438 6.27051 6.39817 6.70546 6.93897 7.20416 7.37191 7.54811 7.70259 7.71417 8.15459 8.2659 8.70268 9.02095 9.20913 9.27715 9.59286 10.1209 10.1287 10.7606 11.2345 11.6523 11.9946 12.7527 12.8449 12.8992 12.9628 13.6381 13.8557 14.3833 14.7942 15.4724 15.8125 16.296 16.5986 17.1327 17.4496 18.0356 18.3203 18.9493 18.9861 19.4142 19.5471 20.3245 20.7889 20.8102 21.184 21.4049 21.8591 22.6449 22.8853 23.2269 23.7035 24.2707 24.5987 24.6125 24.7577 24.763 25.2285 25.5494 25.7359 26.1146 26.1839 26.743 26.9859 27.6376 28.1302 28.7884 28.937 29.1845 29.3233 30.0621 30.1333 30.2058 30.558 30.6934 30.8498 31.1678 31.5214 31.7288 31.7982 32.1609 32.3959 32.8605 32.9329 33.0352 33.3141 33.6459 33.674 33.7046 33.8241 33.9017 34.373 34.5695 34.5794 35.0114 35.1494 35.3132 35.524 35.5419 35.636 35.7319 36.0002 36.5223 36.8738 37.1681 37.361 37.6913 37.8077 37.9186 38.2288 38.3793 38.4355 39.1999 39.4932 40.0451 40.2734 40.4554 40.6026 41.1435 41.2049 41.5973 41.7564 42.0593 42.0863 42.4827 42.5617 42.994 43.391 44.0289 44.0768 44.8536 45.0753 45.0781 45.1175 45.138 45.5628 45.8306 46.1589 46.8904 47.0417 47.5692 47.8237 48.0219 48.284 48.8057 49.1009 49.6805 49.7948 49.9848 50.1983 50.4936 50.512 51.2895 51.5862 51.7651 51.7773 52.1953 52.6471 53.3675 53.7115 54.4287 54.6018 55.3253 55.6284 56.0925 56.2392 56.3399 56.631 56.8235 56.8328 57.1668 57.4375 57.558 57.5835 58.1065 58.5946 59.3848 59.584 59.7324 59.8361 59.9711 60.0574 60.1314 60.2574 60.5553 60.8776 60.9903 61.2784 61.605 61.7365 62.418 62.6744 62.7444 63.0779 63.5491 63.8622 64.0635 64.1763 64.2304 64.6341 65.1269 65.1921 65.3494 65.5375 66.0047 66.2949 66.8179 67.3063 67.8568 67.898 67.9826 68.2551 68.906 69.1081 69.4895 69.5535 70.2439 70.348 70.4847 70.9042 70.9164 71.3653 71.8914 72.2563 72.4456 72.8001 73.0586 73.4881 73.6487 73.937 74.7347 74.9036 75.1217 75.525 75.5713 75.8904 76.4608 76.5048 76.9257 77.3957 78.004 78.4398 78.4788 78.8792 79.4756 79.8015 79.9477 80.4129 81.13 81.2186 81.9268 82.1006 82.8905 82.954 83.4434 83.7967 84.19 84.3296 85.0785 85.1117 85.4251 85.7772 85.8497 86.2961 86.5389 86.548 86.8187 87.102 87.1595 87.2695 87.7343 87.8274 88.2217 88.297 88.3846 88.8544 89.1099 89.1601 89.8831 90.2988 90.4635 90.7638 91.073 91.0951 91.6947 92.1575 92.1894 92.5477 92.7729 92.943 93.5739 93.7824 94.2382 94.5494 94.995 95.0436 95.1099 95.5562 96.2813 96.6843 97.4653 97.6054 97.7327 98.204 98.5681 98.7987 99.53 99.6964 100.233 100.53 100.82 101.275 101.92 102.262 102.509 102.647 103.054 103.516 103.755 104.225 104.478 104.484 105.102 105.344 105.553 105.554 106.062 106.304 106.517 106.873 107.003 107.206 107.625 107.739 108.245 108.416 108.814 109.064 109.561 109.94 110.514 110.827 111.08 111.155 111.95 112.345 112.999 113.398 113.598 113.804 114.424 114.656 115.126 115.411 115.659 115.785 116.405 116.488 116.966 117.209 117.842 118.301 118.33 118.744 119.216 119.555 119.879 120.091 120.694 120.755 121.489 121.688 121.814 121.993 122.432 122.653 122.931 123.147 123.634 124.02 124.616 124.78 125.493 125.632 125.926 126.149 126.435 126.486 126.646 126.697 127.292 127.519 128.218 128.271 129.062 129.528 130.199 130.649 131.38 131.446 131.954 132.123 132.141 132.564 132.941 133.239 133.942 134.234 134.813 134.957 135.686 136.067 136.501 136.64 136.715 136.856 137.026 137.14 137.459 137.875 138.199 138.422 138.748 139.066 139.078 139.092 139.105 139.599 140.164 140.577 141.074 141.235 141.905 142.06 142.613 142.66 143.395 143.799 143.924 144.064 144.273 144.368 144.755 145.125 145.905 146.162 146.856 146.997 147.761 148.091 148.452 148.771 148.805 149.053 149.817 149.909 150.705 151.001 151.515 151.851 152.185 152.204 152.224 152.599 152.868 153.051 153.213 153.487 153.922 153.98 154.188 154.256 154.565 154.626 155.117 155.161 155.284 155.759 156.338 156.833 157.402 157.724 157.774 157.839 158.276 158.375 159 159.083 159.783 160.214 160.953 160.987 161.766 162.155 162.68 162.719 163.03 163.52 163.817 163.826 163.959 164.111 164.193 164.529 165.166 165.278 165.38 165.675 166.454 166.531 166.695 166.706 167.411 167.529 167.78 167.937 168.041 168.123 168.373 168.647 169.447 169.477 169.833 170.165 170.294 170.764 170.822 171.262 171.689 172.083 172.518 172.875 173.191 173.593 174.092 174.247 174.628 175.029 175.329 175.548 175.634 175.81 176.523 176.973 177.087 177.411 178.062 178.369 179 179.328 179.334
#
Chords:
5.33436 6.08637 11.1905 18.9234 20.4627 28.0157 28.944 30.5976 38.4747 40.8726 43.7141 48.7152 53.9901 57.7675 65.5712 66.4266 72.7921 74.7147 76.7002 83.0602 89.5557 91.2695 92.9988 96.2828 98.0053 105.136 112.528 114.957 117.741 120.526 123.954 130.758 138.525 145.357 152.202 154.425 159.408 162.724 167.573 170.356
#
Structure:
3.94922 21.9884 22.7407 44.1904 44.3958 58.0385 58.1033 72.776 75.5045 91.0415 93.111 100.427 103.038 129.209 132.185 145.077 146.229 146.634 147.821 162.408
#
