RandomSegments:
1.77268 2.54005 3.98188 7.48143 10.6443 11.5213 14.2549 17.4366 18.9241 19.6838 21.7866 23.5437 24.753 28.0144 31.3783 32.0539 33.9008 37.6722 41.033 44.0532 44.4138 46.4439 49.7013 51.9949 53.2005 55.2333 58.9708 59.9567 63.598 66.0594 68.7829 71.8582 72.5 72.9179 74.2043 74.6705 78.0643 81.557 84.6135 85.7311 89.3557 91.9968 93.6996 94.1632 96.615 97.4142 98.4143 101.496 104.689 106.306 109.148 112.757 113.385 114.819 115.144 115.705 116.755 120.339 124.095 127.955 129.964 131.899 135.416 137.832 140.898 141.783 143.017 143.587 145.961 149.845 151.926 152.887 155.188 155.907 159.375 161.279 162.389 162.732 165.185 166.717 168.041 170.595 172.21 175.044 175.699 179.14
#
Onsets:
4.738 9.752 10.281 10.419 11.293 21.505 45.011 49.174 49.726 54.717 55.246 57.477 60.26 64.4 65.78 83.766 85.146 86.526 87.929 88.458 88.803 89.309 94.346 98.141 98.992 100.372 101.752 103.132 104.512 108.675 110.055 115.598 117.852 118.358 119.048 119.232 119.738 120.428 120.612 121.118 121.463 121.624 121.992 122.498 128.041 134.458 137.218 137.724 144.647 149.822 150.167 155.71 159.85 164.013 166.773
#
Notes:
0.0534532 0.760311 0.974627 1.53397 1.57299 1.69042 1.93733 2.56496 2.78601 3.43068 3.64543 4.23858 4.62551 5.20195 5.40313 5.66705 5.92336 6.65583 7.06174 7.40767 7.54229 7.76901 7.92154 8.42805 8.53482 8.57276 8.82934 9.33739 9.81139 10.4242 10.5062 10.9432 11.3301 11.4571 11.8212 12.2743 12.6526 13.0815 13.2089 13.2933 13.5409 13.6324 13.9089 14.6002 14.6026 15.3995 15.5865 16.3146 16.6219 16.7001 17.0773 17.2995 17.4453 18.0903 18.1755 18.2767 18.4233 18.9392 19.2719 20.0601 20.3381 20.9232 21.2245 21.3182 21.6827 21.9272 22.0288 22.4561 22.5826 22.6741 22.9347 23.4897 23.6879 24.4301 24.4379 24.7645 25.0912 25.87 26.0576 26.8557 27.0595 27.5138 27.8883 28.0635 28.199 28.7791 28.8014 28.8028 28.8041 28.8254 29.0471 29.4644 29.6706 30.0957 30.4942 31.0075 31.0881 31.0947 31.1208 31.3262 31.753 31.971 32.156 32.61 32.7811 33.506 33.5493 34.2031 34.5226 34.6386 34.7279 35.1472 35.3202 35.4906 35.6831 36.2738 36.2786 36.986 37.3088 37.5927 37.7447 38.1894 38.1931 38.2055 38.4317 38.921 39.2512 39.755 40.15 40.4354 40.5629 40.5991 41.037 41.2831 41.3633 42.0837 42.1138 42.2068 42.6148 42.7675 43.2235 43.9511 44.3701 44.8325 45.0403 45.3014 45.3175 46.0976 46.2679 46.2949 46.7812 47.1315 47.4769 47.4791 47.6277 48.3441 48.6648 48.924 49.1176 49.716 50.1495 50.8272 51.1135 51.8067 52.1413 52.4798 52.7457 52.7641 53.169 53.1939 53.2112 53.4395 53.6666 54.124 54.4684 54.7912 54.8578 55.3435 55.7651 56.3443 56.4086 57.0728 57.2258 57.7533 57.8473 58.2816 58.2993 58.4955 58.9842 59.7253 59.9521 60.607 60.6942 61 61.2736 61.5486 61.8552 62.4381 62.6408 62.9784 63.1688 63.5927 63.7704 64.1809 64.32 64.5944 64.7681 65.0892 65.3626 65.4916 65.8665 66.2161 66.3507 67.0196 67.1237 67.5908 67.7663 68.3735 68.7359 69.3804 69.6245 70.0911 70.3993 71.0556 71.0688 71.2855 71.5365 72.1419 72.2016 72.3936 72.8856 73.4775 73.5251 74.2433 74.3294 75.0835 75.2978 75.5703 75.9261 76.0288 76.1466 76.5472 76.7805 76.9576 77.3023 77.719 77.9797 78.7257 78.8594 79.3707 79.6957 80.4742 80.5914 80.8834 81.3405 82.0512 82.1849 82.3675 82.6385 82.6714 82.9867 83.6901 84.0655 84.6863 85.0891 85.7502 86.0802 86.3193 86.8096 87.2803 87.7603 87.9985 88.1537 88.5887 88.8331 89.5062 89.6799 89.8874 90.0726 90.5385 90.8161 91.2788 91.7172 92.3578 92.511 92.71 93.0431 93.2942 93.431 93.7315 94.0081 94.6393 94.9495 95.3294 95.5648 95.9533 96.4013 96.7324 97.1197 97.89 97.9105 97.9234 98.2001 98.8232 99.0296 99.5213 99.568 100.141 100.258 100.524 100.605 101.058 101.241 101.543 101.668 102.467 102.88 102.974 103.211 103.646 104.123 104.315 104.417 104.615 104.913 105.522 105.617 106.401 106.542 106.673 106.8 107.578 107.952 108.32 108.436 108.914 109.272 109.628 109.797 110.536 110.719 111.463 111.753 111.813 112.001 112.197 112.398 113.142 113.617 114.225 114.334 114.481 114.853 115.458 115.928 116.187 116.232 116.535 116.654 117.076 117.28 118.071 118.38 118.395 118.53 119.06 119.071 119.819 120.281 120.417 120.448 120.604 121.005 121.12 121.417 121.781 122.182 122.815 123.185 123.68 124.109 124.807 124.839 125.632 125.941 126.152 126.648 127.11 127.445 128.147 128.256 128.698 128.826 128.987 129.069 129.434 129.838 130.056 130.167 130.271 130.408 130.675 131.118 131.855 132.164 132.945 133.17 133.336 133.529 133.561 133.788 134.381 134.767 134.812 135.039 135.746 135.782 136.19 136.377 136.556 137.026 137.591 137.604 138.111 138.277 138.699 139.188 139.417 139.714 140.39 140.6 141.142 141.407 142.116 142.22 142.337 142.804 143.069 143.412 144.204 144.405 144.736 144.995 145.502 145.969 146.624 146.682 147.43 147.502 148.018 148.455 148.566 148.828 149.011 149.426 149.833 150.171 150.248 150.706 150.846 151.291 151.964 152.206 152.386 152.884 153.03 153.138 153.594 154.04 154.059 154.113 154.608 154.936 155.534 155.875 156.103 156.416 156.877 156.904 157.202 157.399 157.583 157.617 158.297 158.341 158.908 158.948 159.005 159.436 159.79 160.103 160.455 160.95 161.452 161.732 162.199 162.445 163.233 163.669 164.112 164.447 165.064 165.47 165.521 165.763 165.987 166.228 166.502 166.579 167.097 167.378 167.842 168.301 168.484 168.639 169.075 169.237 169.491 169.748 170.043 170.539 170.945 171.211 171.254 171.365 171.747 171.786 172.357 172.55 172.92 173.381 173.466 173.706 173.865 173.95 174.313 174.692 175.214 175.331 175.418 175.85 176.059 176.161 176.241 176.412 176.424 176.792 176.843 177.319 177.427 177.501 177.987 178.335 178.847 179.268 179.787
#
Chords:
1.89348 3.85928 5.77107 8.61283 13.8419 15.1824 18.2038 20.3813 26.0101 26.7259 27.5106 33.392 37.9379 38.7858 42.6221 46.717 48.8902 51.9409 58.2446 59.7176 64.3953 71.5779 73.8651 74.8039 81.1735 83.4971 90.7619 94.9156 99.1461 102.024 105.247 106.058 107.031 113.617 119.178 124.287 125.84 128.014 131.581 138.103 142.404 143.047 145.55 151.265 157.871 165.786 167.394 170.124 173.936
#
Structure:
2.86325 27.8195 30.449 48.3482 49.2303 62.9407 65.4349 77.2557 77.5704 81.1081 85.0111 91.2964 92.8358 117.858 118.842 124.13 124.34 137.111 140.272 148.552 150.507 153.982 154.413 154.535
#
