RandomSegments:
3.49254 5.21159 7.68561 9.31861 10.8703 13.6262 17.4967 19.8688 23.0694 23.6254 27.222 28.4383 31.1301 34.1629 34.5083 37.7463 39.4527 40.1543 40.9031 41.2608 43.2413 45.4501 47.5015 50.94 52.927 55.1275 58.9976 60.9152 64.7156 68.4581 69.0508 72.772 73.8914 74.9516 75.2754 78.2207 80.9018 81.3156 84.737 86.889 89.7288 93.1006 94.4376 97.8023 99.4428 100.144 102.952 105.058 106.025 107.067 110.866 113.039 114.427 116.399 117.168 117.543 121.529 123.17 123.796 127.149 128.239 131.22 132.387 135.871 136.767 138.125 140.808 142.704 146.004 149.892 152.159 154.076 155.597 156.572 158.547 160.286 161.134 162.32 163.167 165.333 168.613 170.559 172.46 175.171 176.365 179.802
#
Onsets:
0.23 0.368 0.414 0.506 0.575 2.139 2.553 4.347 4.761 6.279 6.555 6.831 7.521 8.763 9.453 10.281 14.674 15.364 15.778 18.262 19.09 22.379 23.506 26.243 26.381 27.071 28.589 29.003 31.487 34.109 34.5 37.398 38.088 40.02 44.022 45.517 47.725 49.105 49.933 59.432 62.054 62.33 66.424 81.88 82.984 92.069 93.173 106.398 107.226 107.916 108.307 110.791 112.999 113.413 113.689 113.965 114.517 114.793 121.532 126.201 154.583 159.689 160.931 161.483 161.897 163.645 165.876 167.394 167.808 169.74 170.292 170.706 171.948 172.477 174.961
#
Notes:
0.214438 0.75967 0.867415 1.57129 1.65223 2.26775 2.39253 2.72071 2.7691 2.86104 3.14923 3.86585 4.15198 4.87358 5.14639 5.21421 5.43981 6.01421 6.19722 6.94729 7.2441 7.45279 7.75796 7.94696 8.27273 8.33577 8.64617 9.04111 9.52498 10.3247 10.7477 10.8016 11.231 11.5556 11.8763 12.584 12.6165 12.6254 12.9066 13.4549 13.7778 14.0153 14.3575 14.5087 14.562 14.77 15.2595 15.3318 15.3479 15.8556 15.9946 16.2298 16.2364 16.4275 16.8555 17.0861 17.1584 17.6427 17.7249 17.7818 18.2202 18.6612 19.0344 19.4577 19.7087 20.3837 20.8163 21.3586 21.3875 21.8818 22.3199 22.8565 23.3194 23.8811 24.3181 25.1036 25.5584 25.9657 26.2894 26.8229 26.8601 27.3767 27.6123 27.7028 27.765 28.4865 28.8703 29.0143 29.3168 29.9337 30.0174 30.1287 30.4821 30.6114 30.6132 30.8694 31.3475 31.7091 32.093 32.7859 33.0712 33.511 33.791 34.1976 34.5781 34.6642 34.6967 35.3077 35.6892 36.1331 36.175 36.5461 36.9857 37.0642 37.1417 37.1556 37.3108 37.5912 37.7376 37.9927 38.0227 38.6174 38.8065 39.3688 39.7151 40.0167 40.1314 40.816 40.9289 41.3033 41.7466 41.8165 42.2863 42.3248 42.3948 43.0914 43.2824 43.3392 43.7564 43.8009 43.978 44.4452 44.9345 45.4642 45.541 45.6369 45.7343 46.2626 46.6928 47.4664 47.7341 48.249 48.721 49.0972 49.198 49.8367 50.3244 50.3439 50.4398 50.5056 50.8661 51.5946 51.8022 51.8108 52.0143 52.523 52.6719 53.4421 53.6552 54.4005 54.6076 54.9351 55.0738 55.1254 55.214 55.9931 55.9988 56.4953 56.5514 57.133 57.6179 57.9495 58.3272 58.8265 58.8749 59.4204 59.7694 60.1643 60.4651 60.6354 61.0427 61.4249 61.5541 62.0179 62.1196 62.3891 62.4499 62.5434 62.9792 63.3949 63.8632 64.5108 64.8578 65.1844 65.2008 65.7974 66.1383 66.6525 67.1384 67.3713 67.4139 68.1604 68.5307 69.0409 69.2254 69.4347 69.8171 70.5283 70.8207 71.5304 71.793 72.0587 72.1478 72.1887 72.2192 72.2647 72.6434 73.2813 73.3504 73.8115 74.2392 74.886 75.0674 75.5525 75.6618 76.1951 76.2086 76.7351 77.0607 77.4152 77.8959 78.3783 78.8525 78.8733 78.9638 79.6537 80.1281 80.1992 80.4993 80.8065 80.924 81.0115 81.3142 81.3568 81.6165 81.8905 82.2697 82.8331 82.9529 83.0769 83.286 83.5905 83.7908 84.2927 84.5728 84.577 84.6716 85.336 85.6222 85.7131 85.9129 86.4578 86.614 87.2616 87.3575 87.985 88.0875 88.5642 88.6758 88.8112 89.1425 89.3347 89.6737 89.9311 90.2353 90.4982 90.6135 90.9525 91.1451 91.6779 91.9122 92.0755 92.4898 92.632 93.0387 93.2831 93.6786 94.0547 94.2867 94.7481 95.1922 95.7563 95.9555 96.1105 96.492 97.2481 97.7293 97.7438 98.0604 98.5614 98.6002 98.6785 98.8867 99.1367 99.4369 100.01 100.113 100.427 100.857 101.575 101.767 102.461 102.92 103.536 103.608 104.325 104.604 105.167 105.528 105.725 106.004 106.495 106.545 106.79 106.927 107.207 107.436 108.096 108.128 108.582 108.679 108.697 108.974 108.975 109.341 109.531 109.702 110.116 110.605 111.212 111.27 111.988 112.288 112.299 112.66 113.228 113.25 113.847 113.973 114.144 114.359 114.648 114.966 115.511 115.63 115.69 116.095 116.134 116.608 116.646 117.123 117.368 117.626 117.736 118.16 118.589 119.034 119.378 119.831 120.616 120.819 120.997 121.426 121.498 121.644 122.119 122.451 123.18 123.237 123.413 123.749 124.355 124.554 125.05 125.316 125.755 125.876 126.231 126.706 127.282 127.378 128.17 128.544 128.654 128.726 129.206 129.364 130.077 130.363 130.437 130.907 131.22 131.662 132.354 132.406 132.942 133 133.7 133.796 134.03 134.453 134.525 134.9 135.534 135.786 136.279 136.641 136.656 137.134 137.242 137.633 137.896 138.172 138.821 138.931 139.727 139.987 140.248 140.48 141.11 141.545 141.705 142.086 142.141 142.493 142.527 142.541 142.833 142.904 143.631 143.833 144.477 144.798 145.125 145.412 145.653 145.678 146.251 146.427 147.168 147.231 147.347 147.631 147.923 148.322 148.684 149.082 149.759 150.257 150.666 151.146 151.527 151.665 152.079 152.246 152.533 152.572 152.887 153.367 153.717 154.137 154.558 154.584 154.929 155.33 155.741 155.935 156.576 156.943 157.001 157.107 157.214 157.421 158.025 158.379 159.064 159.117 159.626 159.906 160.456 160.872 161.374 161.689 162.28 162.628 163.097 163.237 163.753 163.807 164.48 164.673 165.213 165.259 165.53 165.807 165.954 166.224 166.239 166.536 166.81 167.138 167.634 168.011 168.441 168.631 169.054 169.438 169.724 169.754 170.445 170.572 171.011 171.106 171.454 171.678 172.389 172.609 173.191 173.632 173.901 174.308 174.778 175.253 175.572 175.663 176.256 176.744 176.828 177.315 177.975 178.349 178.749 178.917 178.974 179.017 179.069 179.315 179.56
#
Chords:
5.4218 11.7477 18.5689 22.9941 29.9511 31.691 35.4689 37.1548 42.2474 44.3906 48.8296 54.0083 58.9279 62.9743 65.6536 69.9616 71.349 73.2095 79.4395 86.1726 88.8807 90.011 91.6809 93.5133 95.6635 102.248 104.706 109.749 116.962 120.015 125.885 133.876 140.288 143.837 147.277 147.875 153.033 155.595 161.373 163.941 167.42 173.765 175.131
#
Structure:
2.35273 6.37019 6.94003 7.5681 10.1651 26.5169 27.7174 53.3163 56.5188 70.0828 72.3836 96.3492 97.838 108.352 110.461 126.756 129.62 143.363 144.083 158.452 161.484 167.036 167.996 173.401
#
