RandomSegments:
1.68766 3.95503 7.16506 8.35226 10.6899 11.4868 14.5543 16.9742 18.4674 19.6328 20.0023 22.5525 22.8651 26.2771 27.3839 27.8169 29.5228 31.7565 33.413 34.193 34.9462 36.3396 39.7107 40.172 42.3866 44.7379 45.6343 47.445 48.8695 51.7164 55.2541 56.0453 59.6532 61.964 64.8011 68.1241 71.2359 72.9684 74.1507 76.9747 78.2661 80.5315 84.0374 85.9088 88.9512 90.2447 92.0401 95.6727 96.0909 97.4307 99.9111 100.382 102.107 103.053 103.66 107.441 110.973 112.373 115.045 116.895 117.888 120.025 122.052 122.858 123.376 127.27 128.592 130.749 131.423 134.975 135.674 137.335 138.914 142.351 144.16 147.805 149.061 149.564 151.424 153.746 155.953 156.339 158.209 160.109 161.588 164.85 168.174 169.331 171.611 174.365 176.997
#
Onsets:
0.253 29.371 31.096 32.223 33.695 36.248 39.997 43.976 49.128 53.843 63.917 71.208 84.502 85.56 89.01 89.309 89.539 89.631 89.838 90.183 90.275 91.241 91.563 92.207 92.506 95.427 96.715 97.336 100.579 102.718 103.155 106.352 112.148 114.402 116.656 130.801 132.089 133.377 150.673
#
Notes:
0.220023 0.234867 0.459835 0.753862 0.925071 1.44213 1.59924 1.82024 2.2598 3.01578 3.316 3.43327 3.56074 3.82923 4.04836 4.77672 4.88255 5.26693 5.60667 6.40449 6.40765 6.78518 7.26307 7.49164 7.58228 8.10095 8.52886 9.0873 9.29023 9.44515 9.82129 10.4959 10.5818 10.7224 10.8778 11.3701 11.682 11.8271 11.933 12.0554 12.208 12.3692 12.4276 12.481 12.5318 13.2736 13.4781 13.75 13.8317 13.9176 14.2885 14.9362 14.9797 15.0833 15.5455 16.053 16.1218 16.5022 16.5907 17.114 17.5111 17.681 17.8241 17.863 18.0623 18.1987 18.5449 18.7061 18.8003 19.5764 19.5954 19.7363 19.9847 20.4218 20.5289 21.0949 21.2938 21.5631 21.7771 21.8725 22.164 22.7868 22.9516 23.008 23.3811 23.6055 23.9689 24.3997 24.5286 24.7849 25.2429 25.9987 26.2063 26.8655 26.9497 27.6129 27.6341 28.0233 28.2201 29.0033 29.3674 29.5174 29.7761 30.1132 30.3519 30.4788 30.7814 30.925 30.9557 31.0033 31.1327 31.2982 31.721 32.2154 32.3756 32.6942 32.8833 33.6761 33.8839 33.9551 34.2146 34.6166 34.7986 35.5555 35.7505 36.4823 36.9775 37.5044 37.9702 38.681 38.8659 39.1314 39.3018 39.9338 39.9492 40.7454 40.834 41.2327 41.3124 41.4122 41.6207 41.9185 42.0794 42.5532 42.6695 42.6946 43.0684 43.8224 44.2147 44.3007 44.6511 44.9776 45.3796 45.8777 46.362 46.8147 46.938 47.0592 47.0597 47.0936 47.4939 47.8321 48.1984 48.3387 48.6037 49.0158 49.3239 49.3524 49.5686 49.8141 50.2655 50.8383 50.9361 51.2024 51.549 51.7858 52.2516 52.8162 53.2165 53.524 53.6101 53.8167 54.2904 54.8101 55.2612 55.7115 55.8782 56.0722 56.5315 57.3179 57.3701 57.7835 57.9288 58.262 58.6369 59.4018 59.5052 60.2104 60.6939 61.2634 61.756 62.2417 62.2501 62.7764 63.0432 63.6675 63.7205 64.0167 64.0352 64.5222 64.9349 65.6836 65.761 66.4433 66.5318 67.3304 67.585 67.9743 68.0836 68.8404 69.2135 69.7247 70.1554 70.6747 71.1492 71.532 71.9547 72.4761 72.8199 72.9715 73.1878 73.3672 73.6094 74.1718 74.5916 74.7404 75.2277 75.4958 75.9702 76.6888 76.9632 77.755 77.9173 78.1895 78.5656 78.6311 78.665 79.201 79.3144 79.9851 80.2553 80.3974 80.6352 80.7396 80.984 81.015 81.1292 81.5282 81.8281 82.4451 82.7928 83.2089 83.2187 83.8625 84.1049 84.2486 84.6816 84.7351 84.9691 85.2881 85.4217 86.2172 86.4039 86.7074 87.1854 87.8834 88.0785 88.8124 89.2894 90.0192 90.3007 90.5758 90.7615 91.5376 91.6672 91.8669 92.2971 92.5496 92.7939 93.3125 93.6874 93.9714 94.1511 94.7399 94.935 95.5077 95.7317 96.4545 96.8275 97.3068 97.4915 97.6148 97.9958 98.6395 98.8013 99.2727 99.5402 99.8108 100.261 100.351 100.764 100.767 101.233 101.242 101.712 102.421 102.749 103.205 103.458 103.571 104.069 104.372 104.466 105.246 105.353 105.738 106.169 106.371 106.742 106.759 106.903 107.392 107.613 108.065 108.461 108.865 108.925 109.495 109.511 109.57 109.832 109.993 110.159 110.361 110.689 110.79 111.106 111.124 111.44 111.797 112.102 112.268 112.729 113.069 113.551 114.137 114.239 114.383 114.589 115.181 115.499 116.271 116.497 116.869 117.295 117.597 117.782 118.027 118.218 118.317 118.604 119.365 119.816 120.216 120.601 120.604 121.083 121.292 121.785 121.789 122.067 122.079 122.086 122.278 122.451 123.093 123.233 123.444 123.78 123.812 124.148 124.574 124.733 125.086 125.266 125.308 125.394 125.489 125.571 125.927 126.252 126.634 126.857 127.149 127.193 127.277 127.33 127.831 128.318 128.53 128.883 129.674 129.779 129.931 130.042 130.835 130.961 131.605 131.857 132.442 132.631 132.669 133.131 133.148 133.582 133.938 134.082 134.717 134.911 134.987 135.24 135.395 135.572 136.141 136.184 136.383 136.653 137.369 137.844 138.264 138.635 138.853 139.171 139.703 140.09 140.631 140.821 141.02 141.286 141.295 141.369 142.037 142.276 143.053 143.111 143.612 143.751 143.948 144.28 144.798 145.241 145.556 145.744 146.427 146.848 146.883 146.928 146.98 147.039 147.462 147.752 147.858 147.963 148.517 148.915 149.118 149.537 150.295 150.448 151.113 151.602 151.827 152.271 152.912 153.181 153.472 153.896 154.531 154.757 155.075 155.117 155.193 155.421 156.133 156.338 156.945 157.128 157.905 158.011 158.656 158.704 159.062 159.52 160.254 160.368 160.547 160.72 161.123 161.323 161.538 161.769 162.239 162.389 162.991 163.268 163.578 163.846 164.288 164.476 164.482 164.578 165.168 165.31 165.435 165.585 165.771 166.224 166.443 166.481 166.704 166.882 167.682 167.754 168.452 168.726 169.028 169.305 169.977 170.282 170.842 171.274 171.817 172.304 172.621 172.673 173.351 173.418 174.126 174.551 175.072 175.377 176.003 176.106 176.412 176.496 176.799 176.809 177.494 177.902 178.535 178.556 178.575 178.872 179.429
#
Chords:
7.51979 9.83808 11.8922 13.2817 14.4697 16.298 17.0022 19.7251 21.0935 21.7476 29.6455 31.9565 39.5071 41.4189 47.1992 55.1882 57.3533 64.1052 70.9324 76.7325 82.1525 82.9361 84.6918 89.3928 95.268 101.06 105.131 106.488 109.728 114.509 116.618 121.573 127.697 129.857 130.538 133.739 137.47 142.068 142.754 144.682 146.41 150.77 152.064 156.546 162.813 168.478 169.037 172.346 173.756
#
Structure:
1.87738 14.0259 15.9981 38.6911 39.676 65.1321 67.4981 95.0288 95.6691 114.012 116.803 137.481 140.474 158.993 162.729 178.481
#
