RandomSegments:
2.09236 2.73292 6.61176 8.87326 12.6071 12.9769 16.0862 17.8646 20.7338 22.0036 23.8028 25.3195 26.8147 27.3889 27.8121 30.9881 32.7799 34.1366 37.6086 39.7112 40.226 44.1405 47.3509 50.5277 53.3762 55.0474 56.7344 60.0818 63.1941 65.7153 66.5246 69.8944 73.5531 75.7528 78.9013 81.0522 81.9051 82.8064 84.2001 87.1514 89.2306 90.0604 92.879 96.2283 98.8866 100.79 104.564 106.485 107.907 111.505 112.783 113.721 116.052 116.599 117.711 118.748 121.931 124.028 126.222 126.684 130.575 131.089 132.834 135.071 137.157 140.31 141.316 142.482 143.605 145.102 145.635 147.753 149.69 153.145 154.966 155.77 159.609 161.436 162.035 162.716 163.209 164.863 168.183 169.101 172.656 174.192 174.598 177.736
#
Onsets:
0.299 29.049 34.5 36.478 38.962 40.457 40.94 44.39 46.391 46.897 47.886 48.369 48.875 50.853 56.304 66.723 76.636 80.109 80.592 84.571 88.918 94.484 95.979 97.957 98.44 104.397 105.386 111.343 113.321 115.299 132.158 133.653 134.136 135.631 136.114 140.093 142.071 143.06 144.049 145.544 146.027 147.039 148.028 149.017 151.501 153.479 153.962 155.457 157.435 157.941 162.886 166.865
#
Notes:
0.435957 0.755864 0.914866 0.994873 1.25355 1.53954 1.99644 2.36088 2.54869 3.30674 3.72195 3.8022 4.24827 4.36117 4.72783 5.36955 5.85514 5.93732 6.43558 6.70437 6.75269 7.11538 7.13486 7.21453 7.52009 7.56675 7.60935 7.97511 8.37968 8.67776 8.80553 8.88007 8.88066 9.57914 9.77562 9.90107 10.0036 10.4923 10.7585 11.1417 11.4515 11.7819 11.9916 12.5059 12.7755 13.3892 13.8804 14.0316 14.4625 15.1967 15.2808 15.8699 16.296 16.4617 16.4837 16.7247 16.8796 17.0332 17.3196 17.7947 18.1965 18.6496 19.1349 19.5951 19.6585 19.9961 20.0198 20.0639 20.3779 21.0814 21.3031 21.7926 22.0809 22.5743 22.6555 23.1482 23.2567 23.5237 23.6788 24.1894 24.5236 25.0635 25.2862 25.3064 25.4699 25.9892 26.2128 26.948 27.4111 27.4711 27.6245 28.0315 28.4869 28.5513 28.926 29.558 29.6995 29.8542 29.8998 30.3922 30.6794 30.7178 30.8387 31.094 31.1445 31.3404 31.4665 32.0196 32.0993 32.4113 32.571 33.0446 33.2025 33.8815 34.2083 34.9893 35.2143 35.4082 35.463 35.9599 36.3126 36.4894 36.9873 37.2489 37.2513 37.6853 38.1655 38.871 39.0138 39.806 39.9888 40.4406 40.4975 40.6241 40.6509 41.0287 41.4432 41.9544 42.4106 42.769 43.2096 43.7225 43.7947 44.5129 44.768 45.2245 45.5492 45.7649 45.9805 46.4656 46.677 47.0626 47.3997 48.04 48.2294 48.2937 48.4141 49.0028 49.2543 49.5762 49.9419 50.1592 50.5304 50.9592 51.2578 51.5837 51.852 52.1309 52.2199 52.8581 53.0572 53.3533 53.4425 54.2016 54.4267 55.0744 55.4442 55.9466 56.107 56.4999 56.881 57.2943 57.4493 58.2354 58.5555 59.0671 59.1805 59.7456 59.7737 60.2536 60.6579 60.9047 61.404 61.5266 61.5894 61.6442 61.9725 62.0919 62.5314 63.0373 63.2105 63.5108 64.0089 64.6877 64.7522 65.0168 65.2335 66.0242 66.1603 66.5317 66.8252 66.932 67.0398 67.7639 67.8766 67.8842 67.9807 68.1575 68.3283 68.3676 68.452 68.6366 69.056 69.8271 69.9506 70.2758 70.5008 70.9871 71.0897 71.8048 72.2054 72.5362 72.6929 73.2393 73.2512 73.3957 73.4411 74.2101 74.6209 75.0212 75.1004 75.2438 75.4431 75.9192 76.3421 77.0301 77.1073 77.7924 78.1437 78.6907 78.969 79.6562 79.945 80.6496 80.6933 80.8039 81.0122 81.38 81.7207 82.1253 82.3442 82.5902 82.8673 83.0179 83.4383 83.9881 84.4032 84.8589 85.211 85.3473 85.7844 86.4392 86.554 86.9774 87.3457 87.4908 87.9845 88.4849 88.7922 88.9699 89.1302 89.7887 90.1569 90.7906 91.0723 91.8389 92.1283 92.1344 92.2493 92.5669 92.9756 92.9919 93.407 93.577 94.0374 94.7247 94.9599 94.9694 95.3669 95.467 95.9121 96.2679 96.4585 97.1163 97.1653 97.9065 98.2139 98.2964 98.4249 98.9068 99.2335 99.4039 99.8939 99.9661 100.354 100.684 101.028 101.05 101.484 101.608 101.703 102.47 102.913 103.166 103.235 103.706 103.813 104.401 104.664 105.413 105.578 106.268 106.694 107.036 107.368 108.005 108.084 108.436 108.474 108.856 109.133 109.411 109.836 110.108 110.306 110.78 111.082 111.231 111.628 112.277 112.299 112.753 113.043 113.477 113.951 114.321 114.523 114.978 115.118 115.543 115.599 115.915 116.354 116.919 116.954 117.688 117.976 118.323 118.614 119.249 119.348 119.612 119.638 120.097 120.255 120.674 120.704 120.781 120.869 121.262 121.265 121.412 121.775 122.287 122.521 122.681 122.728 123.079 123.55 123.907 124.153 124.449 124.506 125.292 125.748 126.133 126.29 126.985 127.236 127.9 128.066 128.361 128.405 128.874 128.984 129.105 129.451 129.519 129.646 129.66 129.903 130.389 130.754 130.899 130.929 131.069 131.418 131.931 132.153 132.254 132.432 132.966 133.348 133.968 134.068 134.825 135.294 136.033 136.347 136.663 136.84 137.234 137.304 137.467 137.906 137.977 138.372 138.456 138.532 139.138 139.154 139.502 139.778 140.358 140.683 141.476 141.842 142.144 142.595 142.779 142.858 143.108 143.373 144.042 144.306 144.854 145.263 145.415 145.661 146.201 146.369 146.981 147.271 147.534 147.798 148.591 148.963 149.422 149.818 150.311 150.511 151.053 151.171 151.236 151.448 152.196 152.566 153.334 153.808 154.5 154.743 155.535 155.742 156.3 156.611 157.181 157.559 157.91 158.009 158.228 158.299 158.524 158.551 158.87 158.95 159.475 159.873 159.938 160.379 160.934 161.197 161.217 161.553 161.863 162.104 162.381 162.475 162.666 162.788 163.261 163.489 164.011 164.333 164.812 165.027 165.731 165.771 165.942 166.417 167.042 167.217 167.551 167.794 167.952 168.284 168.987 169.288 169.447 169.458 169.843 170.106 170.108 170.396 171.056 171.423 172.093 172.182 172.4 172.879 173.314 173.66 174.095 174.359 174.494 174.665 174.979 175.206 175.5 175.815 176.145 176.216 176.908 176.942 177.335 177.412 178.038 178.209 178.963 179.436 179.504
#
Chords:
2.29495 7.23333 14.3656 21.6295 28.3498 33.4232 38.1931 41.0866 42.2783 46.3948 49.5487 54.5924 60.8984 64.5635 70.6433 73.4588 78.0067 78.6541 84.5165 90.7325 92.0245 96.032 97.7499 100.951 105.557 108.037 115.415 116.937 122.594 128.157 132.264 134.114 141.875 147.923 149.477 156.907 162.791 164.005 169.102 175.822
#
Structure:
2.84262 13.1948 13.625 23.469 23.9737 51.0009 54.7017 76.9634 78.2324 106.13 107.452 112.045 115.618 136.799 139.58 150.49 151.258 165.705
#
