RandomSegments:
0.413935 1.89811 2.37449 4.14887 5.50544 8.33708 9.27789 11.6396 14.2895 17.7843 21.18 22.6241 23.349 24.8631 26.6309 29.7738 31.2335 31.6145 33.3734 36.2531 37.6164 38.8132 39.241 42.0788 42.9324 45.0855 48.099 48.9079 50.0889 52.762 56.3354 58.8248 60.1261 60.431 62.5975 64.4397 66.1917 69.7981 73.4587 75.25 77.4828 78.4964 79.0848 80.4467 84.0929 85.5268 89.0615 92.0958 93.3957 94.8466 97.9258 101.351 103.574 105.86 106.637 109.2 110.704 112.41 113.007 115.283 117.674 120.289 122.401 125.451 129.431 129.954 131.502 134.68 135.2 137.938 139.224 141.397 142.648 143.4 144.042 145.186 149.018 149.509 151.306 153.422 153.963 156.264 159.972 162.67 164.808 166.808 169.898 172.774 175.92 177.042 178.212
#
Onsets:
3.887 12.098 12.374 12.673 17.089 19.895 21.183 21.781 23.805 24.127 24.61 25.898 28.52 33.235 36.8 38.272 48.162 48.829 48.898 49.105 49.358 49.818 49.887 50.071 54.786 63.595 64.193 66.562 70.403 71.254 75.969 81.144 81.581 82.156 82.754 83.49 84.525 85.1 85.859 86.871 87.469 88.205 96.577 114.586 114.862 116.035 118.404 119.301 119.577 120.75 125.764 130.18 136.965 139.587 141.956 146.234 146.303 146.602 146.671 170.844 171.143 171.396 171.695 174.363 174.639 174.938 175.214 176.111 176.41
#
Notes:
0.357845 0.607926 0.840706 1.11813 1.45243 1.73196 1.85234 2.37035 2.38925 3.17038 3.42498 3.69164 4.03596 4.31922 4.32943 5.0996 5.11177 5.54121 5.70063 5.92445 6.01452 6.4272 6.79697 7.47877 7.59613 7.76416 8.04514 8.23274 8.65556 8.80291 9.29225 9.84234 9.94971 10.2522 10.2692 11.0587 11.4537 11.9546 12.0499 12.3288 12.6338 12.8328 13.172 13.1784 13.5268 13.9258 14.0671 14.4491 14.6511 14.7638 15.1287 15.1434 15.2073 15.9655 16.1268 16.4129 16.5539 16.8691 17.3618 17.5043 17.9796 18.2422 18.4285 18.7625 18.8215 19.5451 19.6444 20.3673 20.8111 21.255 21.477 21.7649 22.0598 22.2876 22.5863 22.8342 22.9305 22.9882 23.279 24.0111 24.4688 24.9882 25.2538 25.474 25.7002 26.0631 26.0973 26.2741 26.633 26.6518 26.7711 26.8787 27.1342 27.6331 28.0131 28.6734 28.6799 28.9841 29.3557 30.151 30.4114 30.9764 31.2461 31.4991 31.6601 31.8998 32.3353 32.8749 32.9346 33.3314 33.7819 34.2418 34.6973 34.9002 35.0992 35.3193 35.6842 36.1298 36.4577 36.9822 37.0587 37.4719 37.6305 37.9247 38.4172 39.1737 39.5562 39.7869 39.7957 40.356 40.4728 41.1219 41.2623 41.708 41.856 41.8632 42.2047 42.9364 43.3792 43.5343 43.7597 43.8387 44.0915 44.8212 44.9586 45.4001 45.7934 46.5128 46.7958 47.3465 47.3689 47.3935 47.7582 48.3164 48.8149 49.4533 49.8844 49.9449 50.0915 50.3635 50.7545 50.8869 50.8954 51.3468 51.742 52.1342 52.5418 52.8503 52.8904 53.0162 53.4202 53.9134 54.0092 54.1014 54.5722 55.0028 55.2139 55.6525 56.1198 56.6677 56.9673 57.1142 57.3526 58.0504 58.1103 58.7484 59.1666 59.168 59.4996 60.0607 60.3264 60.8624 61.1057 61.4923 61.6031 61.6978 62.0491 62.6854 62.9247 63.3646 63.5908 63.9599 64.2533 64.5308 64.7201 65.2691 65.2873 65.4641 65.614 66.1365 66.5668 67.2273 67.4767 67.7048 67.9421 68.6317 68.896 69.2588 69.346 69.5151 69.9854 70.3189 70.7926 70.892 71.314 71.9275 72.3059 73.1024 73.4534 73.9878 74.4626 75.0721 75.2068 75.7406 76.2164 76.573 76.6126 77.2996 77.749 78.4567 78.6493 79.1959 79.3782 79.5153 79.9979 80.1111 80.5323 81.2025 81.5483 82.1151 82.1808 82.4337 82.5721 83.15 83.2955 83.8594 83.908 84.3371 84.4936 84.7927 85.0454 85.2131 85.2995 85.6496 85.916 85.9327 86.1396 86.6436 86.8398 87.3089 87.7681 88.2557 88.5995 89.2884 89.3026 89.4851 89.85 90.4963 90.829 91.4644 91.9022 91.9115 92.2162 92.9049 93.0483 93.0678 93.3638 93.8202 93.8309 94.4051 94.5861 94.656 95.0858 95.4286 95.6158 95.7357 96.1229 96.2631 96.3957 96.6143 96.8384 97.4212 97.8044 98.3101 98.6837 99.3368 99.4437 99.5704 99.8483 100.045 100.199 100.905 101.344 101.52 101.665 101.703 102.011 102.519 102.601 102.629 103.09 103.605 103.683 104.185 104.456 104.648 104.678 105.18 105.209 105.36 105.65 105.974 106.178 106.219 106.417 106.693 107.01 107.478 107.51 108.135 108.254 108.511 108.722 109.049 109.064 109.538 109.857 110.444 110.915 111.535 111.833 112.29 112.608 112.649 113.016 113.126 113.31 113.679 113.689 114.293 114.783 115.205 115.311 115.879 116.111 116.292 116.312 116.55 117.028 117.513 117.767 118.222 118.522 119.17 119.637 120.306 120.401 121.041 121.492 121.837 122.324 122.778 123.161 123.805 124.071 124.141 124.594 124.934 125.019 125.677 125.839 126.299 126.631 126.68 127.078 127.504 127.925 128.591 128.697 128.853 129.274 129.858 129.981 130.507 130.757 131.069 131.096 131.723 132.099 132.833 132.884 133.135 133.358 133.395 133.81 134.225 134.481 134.721 134.857 135.614 136.028 136.792 136.953 137.179 137.564 137.619 137.996 138.691 139.088 139.371 139.726 140.446 140.925 141.093 141.479 142.142 142.555 143.074 143.211 143.233 143.552 143.891 143.916 144.081 144.149 144.266 144.377 144.901 144.902 145.421 145.526 146.181 146.3 146.621 146.943 147.13 147.373 147.559 147.699 147.998 148.303 148.448 148.754 149.097 149.347 149.913 150.088 150.513 150.761 150.823 151.006 151.406 151.556 151.722 151.89 152.362 152.784 153.355 153.684 153.93 154.414 154.813 155.252 155.901 156.073 156.554 156.658 157.407 157.673 158.189 158.366 158.653 158.955 159.446 159.584 160.348 160.448 160.678 160.693 161.382 161.613 161.674 161.867 162.098 162.462 162.909 163.073 163.557 163.758 164.156 164.228 164.812 165.263 165.756 165.864 166.149 166.2 166.93 167.031 167.079 167.158 167.798 168.167 168.801 168.864 169.546 169.716 170.364 170.521 170.86 171.183 171.644 171.997 172.757 173.089 173.6 173.818 173.963 174.052 174.09 174.426 174.551 175.029 175.291 175.706 175.849 176.324 176.75 177.01 177.481 177.535 177.874 177.948 178.429 178.917 179.152 179.431 179.437
#
Chords:
4.57102 6.90739 14.5338 18.643 20.6619 27.3817 34.4471 39.1685 44.9808 46.1808 51.4771 58.7305 66.0493 70.5936 71.7534 75.2647 77.6482 84.3246 90.58 93.9159 97.738 101.126 102.871 106.743 113.794 120.424 126.345 127.909 135.441 139.813 140.38 148.126 155.577 160.828 168.758 171.182
#
Structure:
3.74206 12.5332 16.2843 21.9571 23.4232 25.7185 28.1575 38.6571 41.1404 50.1421 51.6957 64.9484 67.8926 90.7256 93.3229 109.328 110.998 114.167 116.839 136.592 138.537 156.865 160.45 163.74 166.203 169.06
#
