RandomSegments:
3.73724 6.87793 8.63537 12.4244 16.2328 19.0126 21.9274 23.1266 25.0415 28.0406 31.6274 34.9798 37.8515 41.0612 43.886 44.7771 47.6887 48.7668 51.0499 54.0897 58.0394 61.8868 64.2064 67.7228 69.3301 73.0062 75.4446 79.1608 80.3857 82.5993 84.6288 86.3349 89.5764 90.8506 93.7581 95.479 96.5473 96.9747 99.1773 99.979 103.115 106.585 109.593 113.161 117.003 117.599 119.334 122.594 126.474 128.698 130.481 132.735 133.702 136.217 137.586 140.355 143.729 144.047 145.475 149.461 151.51 155.197 158.838 161.722 163.568 164.989 168.765 170.483 173.753 175.395 177.608 178.568
#
Onsets:
2.093 3.404 3.749 4.071 4.715 6.049 6.394 6.716 11.339 11.661 12.006 12.535 13.317 14.306 14.651 14.973 15.962 17.296 17.618 17.94 20.585 21.252 26.542 28.52 31.165 39.1 46.345 52.325 61.571 87.331 89.332 92.966 93.955 95.289 95.611 95.956 96.278 96.6 96.945 97.267 97.934 102.557 106.191 107.571 107.847 118.404 123.694 125.028 128.869 134.941 135.608 136.252 140.231 142.876 149.454 158.079 160.724 162.702 162.909
#
Notes:
0.294748 0.997699 1.33475 1.40931 1.67752 1.8816 1.88377 2.1955 2.58922 2.64938 3.07056 3.81309 3.89943 4.25349 4.55069 5.221 5.60108 5.83056 6.11648 6.42421 6.75088 6.82656 7.03793 7.67831 7.74203 8.24356 8.54592 9.33814 9.40519 9.82851 9.91851 10.1359 10.4894 10.6814 11.0384 11.6823 11.8316 11.9158 12.1951 12.8882 13.1785 13.261 13.4116 13.9136 14.2824 14.3517 14.6828 15.1537 15.5469 16.3075 16.617 16.8804 17.3564 17.8598 17.8807 18.4627 18.7794 19.0407 19.3503 19.5973 20.089 20.8052 20.9831 21.6832 22.0058 22.6127 22.8251 22.8858 23.2187 23.4517 23.7787 23.8368 23.8992 23.9472 24.1612 24.9272 25.1805 25.8456 25.99 26.0529 26.2264 26.8304 26.8369 27.5813 27.6758 28.1759 28.4012 29.0128 29.1996 29.7035 30.1552 30.6174 30.9683 31.3617 31.5252 32.0318 32.2798 32.6064 32.6739 32.8109 32.8574 33.4152 33.8595 34.2312 34.3817 34.8238 35.1502 35.8529 36.2773 36.9323 37.0818 37.1493 37.3305 37.4817 37.7494 37.8246 38.2731 38.859 39.3339 39.5407 39.8194 39.9464 40.3667 41.0852 41.2036 41.7843 41.8449 42.4157 42.4196 42.5749 42.6144 43.1241 43.2202 43.8108 43.9441 44.1682 44.4915 44.6664 44.8224 45.3274 45.4725 46.0501 46.5117 46.6426 46.8472 47.4659 47.9028 47.908 48.2913 48.3964 48.5197 48.7898 48.815 49.2687 49.6285 50.15 50.4963 50.9255 51.0117 51.0629 51.3555 51.4776 51.6765 51.9172 52.2825 52.5713 52.6706 53.1008 53.2782 53.8604 54.1842 54.7756 55.0318 55.628 56.0273 56.5517 56.9116 56.9599 57.271 57.38 57.7014 58.1291 58.3567 59.0857 59.2728 59.7044 60.0726 60.4745 60.6388 60.9538 61.1139 61.4459 61.5902 61.8714 61.9406 62.1575 62.474 62.5085 62.7589 62.789 62.927 63.5511 63.9554 63.9601 64.1371 64.6363 65.1204 65.6649 65.7565 66.2629 66.4035 66.5892 66.8534 67.0018 67.0491 67.5852 67.9386 68.5723 69.0687 69.384 69.6648 69.9036 70.3094 70.531 70.9488 71.6602 71.7874 72.5377 73.0273 73.6624 73.8606 74.1493 74.6075 74.6933 75.1182 75.5316 75.936 76.4364 76.8772 76.9894 77.1617 77.2464 77.3748 77.6347 77.9256 78.6125 78.6581 78.727 79.1683 79.226 79.4743 79.9168 80.3986 81.0254 81.1747 81.9288 82.2284 82.9454 83.2481 84.0258 84.0288 84.1514 84.4086 85.1049 85.3237 85.7017 86.0679 86.5784 86.5922 87.0302 87.2275 87.8015 88.0041 88.104 88.5351 89.116 89.1748 89.8627 90.2513 90.5812 90.7771 90.9037 90.9849 91.374 91.5058 92.2357 92.656 93.0439 93.3485 93.7756 94.2541 94.5151 94.5682 94.7226 95.1678 95.7356 96.065 96.6007 96.7626 96.7768 96.9356 97.5112 97.8957 98.5968 98.7083 99.0018 99.1597 99.183 99.4864 99.5075 99.953 100.5 100.69 101.379 101.784 102.57 102.743 102.967 103.418 104.025 104.301 105.097 105.587 105.775 106.189 106.602 107.085 107.728 107.755 108.175 108.374 108.841 108.912 108.914 109.25 109.94 110.096 110.528 110.9 110.986 111.324 111.905 112.194 112.766 113.093 113.109 113.193 113.281 113.408 113.418 113.595 113.916 114.299 114.701 114.83 114.998 115.438 115.643 115.937 116.625 117.003 117.717 118.035 118.474 118.533 119.163 119.253 119.815 120.235 120.543 120.631 120.725 120.781 121.469 121.663 121.746 122.08 122.486 122.92 123.097 123.188 123.803 124.041 124.703 124.83 125.08 125.215 125.256 125.315 125.378 125.385 125.676 125.951 126.483 126.792 127.114 127.127 127.925 128.312 128.474 128.793 129.329 129.605 130.002 130.426 131.113 131.252 131.435 131.706 131.889 132.113 132.871 133.115 133.702 134.177 134.367 134.702 135.272 135.475 136.143 136.425 136.569 137.019 137.487 137.929 138.534 138.957 139.69 140.087 140.157 140.327 141.09 141.183 141.342 141.7 142.468 142.961 143.507 143.814 144.012 144.035 144.129 144.307 144.468 144.807 145.313 145.747 146.235 146.396 146.409 146.894 147.629 147.825 148.056 148.213 148.673 149.098 149.195 149.551 149.668 149.923 149.958 150.043 150.304 150.615 151.259 151.466 151.875 152.262 152.924 153.006 153.088 153.39 153.503 153.975 154.117 154.327 154.898 155.259 155.825 155.915 156.376 156.456 157.21 157.676 158.205 158.571 158.701 158.808 159.399 159.659 160.001 160.212 160.517 160.999 161.376 161.748 162.029 162.184 162.525 162.837 163.089 163.142 163.553 163.707 163.942 164.176 164.46 164.728 165.335 165.544 165.601 166.034 166.651 166.695 167.357 167.692 167.765 167.78 168.55 168.739 169.237 169.481 169.782 170.244 170.364 170.778 171.036 171.036 171.625 172.104 172.321 172.37 172.933 172.943 173.732 174.178 174.664 174.711 175.1 175.103 175.169 175.302 175.322 175.65 175.662 176.044 176.666 176.791 177.51 177.756 178.051 178.26 178.914 179.278 179.988
#
Chords:
7.17714 12.6914 19.0086 24.9958 30.9181 35.9046 41.2259 44.2995 50.0782 56.9069 60.6853 61.7825 69.7658 76.7765 80.2617 87.0623 91.7205 95.0796 97.2107 102.064 109.396 110.328 114.695 115.279 121.203 122.201 129.248 134.44 137.244 142.046 149.676 153.654 161.438 168.462 174.441
#
Structure:
3.38865 23.3917 26.9251 56.1616 58.8689 75.2528 78.4458 96.3357 98.879 111.613 112.46 120.457 123.348 134.762 135.418 151.546
#
