RandomSegments:
3.36687 4.14101 6.78452 9.89551 11.681 12.2526 15.4644 17.2265 17.575 18.8542 20.6148 21.8328 24.9568 25.53 28.8991 30.0652 31.4902 34.9264 37.6004 39.4935 42.4434 46.093 48.946 50.3948 54.1466 57.7424 58.8255 59.7076 62.3012 65.4081 69.3619 70.3768 74.0658 75.0205 76.2827 78.2516 82.0352 84.6549 87.023 90.7353 92.8138 96.7436 97.3822 97.7222 100.775 104.186 107.645 110.999 113.58 115.423 116.158 117.719 119.126 120.274 122.25 126.101 129.175 130.998 134.767 136.936 140.295 143.935 146.878 147.835 150.157 151.568 153.895 156.063 157.684 160.446 162.751 166.079 169.471 169.965 172.747 174.098 177.056 177.542 178.878 179.269
#
Onsets:
14.145 15.962 16.698 17.066 17.779 18.86 19.964 21.758 22.655 22.862 23.598 25.76 27.577 28.658 29.394 30.475 31.211 31.556 33.373 34.109 34.293 34.477 34.661 35.558 39.192 40.273 41.906 44.988 46.414 46.989 47.173 48.967 50.784 51.888 54.786 56.603 58.765 60.582 62.399 63.48 68.195 69.115 69.299 70.196 70.38 70.564 70.932 72.197 74.014 75.095 79.81 80.73 80.891 81.995 84.157 85.606 86.641 88.527 91.425 94.323 98.141 98.302 99.038 100.119 101.223 105.202 105.938 107.019 108.836 109.917 112.723 112.815 114.632 115.552 115.713 116.633 116.817 117.001 118.634 121.164 121.509 126.247 127.167 127.328 128.064 128.248 128.409 130.594 131.146 132.963 133.147 133.883 136.39 136.942 137.862 139.84 141.841 144.739 145.475 147.637 165.048 165.968 166.474 167.417 167.785 167.946 168.314 168.866 171.764 172.316 172.684 173.765
#
Notes:
0.0579394 0.229917 0.408481 0.930763 1.4195 2.00592 2.34793 2.71661 3.16295 3.84661 3.87844 3.91987 3.94055 4.18848 4.6861 4.97293 5.39016 5.98063 6.20404 6.46079 6.6706 6.90574 7.23547 7.7149 7.79796 8.05365 8.43237 9.12673 9.33113 9.52066 9.86906 9.94521 10.0619 10.3149 10.6063 11.1789 11.471 11.8542 12.2982 12.38 12.6176 13.2493 13.5497 13.7427 14.0355 14.6698 15.0898 15.1068 15.1176 15.4005 15.8799 15.9101 16.1734 16.2965 16.6358 16.8942 17.3525 17.7571 17.8956 18.619 18.6341 19.141 19.323 19.8031 20.2857 20.3533 20.4923 21.2587 21.7035 22.0398 22.3559 22.9493 23.0524 23.7336 23.754 24.4524 24.6282 25.399 25.6798 25.8677 25.8732 26.0318 26.4712 26.6658 26.6804 26.8741 27.2564 27.7287 28.1308 28.9135 29.3359 29.3928 29.61 29.7386 29.8406 30.5551 30.7615 31.133 31.5626 31.8672 31.937 31.9918 32.3086 32.6911 32.7106 33.0547 33.2866 34.0514 34.3328 34.6551 34.9882 35.5733 36.0017 36.2876 36.3883 36.5514 36.7401 37.1084 37.3398 37.3524 37.4698 38.0844 38.3941 38.5084 38.7821 39.0145 39.04 39.6171 39.9095 40.4549 40.9041 41.3172 41.8108 42.383 42.516 42.8692 43.2859 43.4432 43.4963 43.5208 43.9448 44.3237 44.4816 44.7005 44.9609 45.1187 45.1573 45.7317 45.945 46.3382 46.8253 47.0213 47.2822 47.4317 47.8895 48.2301 48.5806 48.8013 48.9992 49.69 49.8875 50.0825 50.1449 50.4879 50.7334 51.0808 51.3601 51.9947 52.1723 52.2549 52.4355 52.5702 52.6915 52.9471 53.112 53.6365 54.0715 54.3642 54.7707 54.8626 55.0819 55.7216 55.8 56.564 57.0059 57.668 57.7701 58.3754 58.6925 58.8134 59.0058 59.1093 59.4415 60.1923 60.404 60.9742 61.0323 61.0964 61.195 61.7759 61.9141 62.2213 62.6101 63.3877 63.4818 64.1744 64.2655 64.828 65.1672 65.8007 66.2367 66.4408 66.4818 66.9858 67.248 67.9313 68.1544 68.6059 68.6621 69.0653 69.3112 69.897 70.3076 70.5956 70.6553 71.3239 71.7414 72.1372 72.5042 72.7355 72.9974 73.3685 73.4562 73.8989 73.9294 74.3899 74.6563 75.3111 75.3133 75.5314 75.8443 76.3927 76.8295 77.2539 77.4696 77.4769 77.6005 78.146 78.2662 78.7086 78.9204 79.3745 79.7868 80.2796 80.3615 80.7037 80.9003 81.1294 81.4082 81.7538 82.0649 82.4474 82.7159 82.9252 83.1936 83.5198 83.5561 84.0717 84.337 84.8692 85.1613 85.3628 85.512 85.9428 86.2394 86.9309 87.4143 88.0106 88.0863 88.2534 88.3555 88.5396 88.5783 88.881 89.176 89.3204 89.5848 89.7737 89.7863 90.5241 90.9966 91.5673 91.7994 92.4762 92.9217 93.2464 93.6221 93.6417 94.057 94.357 94.778 95.3179 95.5003 95.9486 96.043 96.1416 96.6231 97.1917 97.4795 97.8213 98.1815 98.3712 98.462 98.7129 98.798 99.5167 99.5924 100.061 100.404 100.98 101.211 101.736 101.99 102.037 102.212 102.51 102.958 103.129 103.188 103.797 104.052 104.448 104.715 105.433 105.655 105.774 106.122 106.517 106.553 106.597 106.872 107.213 107.259 107.739 108.2 108.843 109.32 109.816 109.956 110.573 110.606 111.283 111.309 111.856 112.311 112.887 113.276 113.93 114.19 114.219 114.636 114.845 115.064 115.275 115.314 115.445 115.737 116.536 116.597 117.385 117.466 117.798 118.095 118.808 118.839 118.969 119.011 119.794 120.212 120.669 120.743 121.111 121.488 121.975 122.004 122.389 122.877 123.259 123.583 124.163 124.357 124.556 124.565 124.918 124.97 125.347 125.525 125.595 125.69 125.788 126.129 126.301 126.619 127.289 127.692 128.299 128.34 128.995 129.11 129.432 129.623 129.867 130.037 130.161 130.404 130.437 130.756 131.4 131.742 132.26 132.395 132.729 133.117 133.332 133.671 134.076 134.151 134.502 134.827 134.877 135.045 135.496 135.742 135.805 135.83 136.553 136.904 137.497 137.626 138.025 138.437 139.171 139.329 140.055 140.479 140.59 140.921 141.081 141.516 142.07 142.155 142.214 142.393 143.193 143.504 143.931 144.302 145.054 145.241 145.257 145.584 145.793 146.165 146.484 146.773 147.379 147.437 148.015 148.116 148.381 148.561 148.686 148.811 149.328 149.583 150.383 150.414 150.798 150.965 151.106 151.47 151.841 152.203 152.309 152.327 152.613 152.871 153.288 153.305 153.71 154.076 154.556 154.788 155.303 155.7 156.288 156.72 157.289 157.642 158.39 158.704 159.353 159.752 160.38 160.771 161.569 161.569 162.154 162.545 162.565 162.67 162.746 162.792 163.369 163.765 164.351 164.766 164.893 165.247 165.833 165.98 166.18 166.349 166.421 166.715 167.47 167.734 168.302 168.398 168.941 169.363 169.937 170.292 170.479 170.808 171.13 171.436 171.961 172.449 173.073 173.184 173.504 173.833 173.919 174.295 174.571 175.062 175.31 175.647 176.328 176.379 176.946 177.024 177.425 177.654 178.406 178.872 179.419
#
Chords:
5.27577 9.65314 12.2081 14.0759 16.8358 23.0765 26.2113 32.9837 38.146 39.6941 45.2768 46.8564 54.3616 56.4343 59.2444 60.8564 68.7586 73.7387 76.2879 81.0302 86.8113 93.4121 99.1294 103.865 107.908 112.294 117.54 120.74 128.643 129.974 137.458 143.776 145.656 146.588 153.621 157.398 160.085 167.04 174.161
#
Structure:
2.01349 28.6058 32.3725 56.4013 59.3345 63.8143 65.9385 71.6167 72.5201 82.0648 82.9759 84.8299 84.8425 113.401 117.314 123.6 124.816 154.781 156.557 175.364
#
